"DataEntries: 8756, TestEntries: 24, Epochs: 200, UseTestData: true, LimitEntries: true, Firstlayer#: 6, SecondLayer: true, SecondLayer#: 14, Predict: true, Curvebehaviour: false, Stacksize: 6, useLastXDays: false, Max: 1561.0, Min: 1.0, Curve behaviour: false, Historical: false, useAverage: false, priceStack2, Skewness: false, SkewStack: 12",", useNewMethod: false, decay: 0.1"
"Range: 6567 to 8756"
"Actual","Ideal"
"251.70760433429655","288.00000000022"
"245.16471562977665","281.99999999967997"
"235.71358407267087","279.99999999976"
"229.42045261994542","274.99999999996"
"228.7078242204832","279.99999999976"
"223.14375918551457","263.99999999962006"
"211.7827643270499","219.99999999981992"
"210.87154270466272","217.99999999989996"
"212.87440440589842","215.99999999998"
"215.91055071236576","222.99999999969998"
"224.70699205780568","237.99999999987995"
"225.2716149346379","256.99999999990007"
"238.97189496923613","274.0"
"246.21158673299487","277.99999999984004"
"252.11488116808403","279.99999999976"
"251.94038613072064","279.99999999976"
"243.82461480013126","277.99999999984004"
"245.34430023033383","275.99999999991996"
"255.68804772602232","277.99999999984004"
"261.9926712183907","278.9999999998"
"282.7958663018386","284.00000000038"
"308.9724664233026","291.00000000010004"
"299.6285709239065","293.00000000002"
"287.6160816560122","290.00000000014006"
"276.47727752617055","286.0000000003"
"267.04993841395026","280.99999999972"
"258.1568055190188","279.99999999976"
"249.55215857663006","270.00000000016"
"250.91723989444404","269.00000000020003"
"249.3854614749007","265.00000000036005"
"255.68430833451396","268.00000000024"
"256.1950707493585","273.00000000004"
"258.957555667497","277.99999999984004"
"268.00838219226296","287.00000000026"
"295.3055660709937","313.99999999996"
"325.66997676757904","343.00000000036"
"329.91203101123585","343.00000000036"
"330.71342316333187","346.00000000024005"
"328.8924612982101","340.99999999966"
"326.8896018107445","335.99999999986"
"320.8845449258107","319.99999999972005"
"327.73717067321655","312.00000000004"
"324.0777622354373","319.99999999972005"
"317.0519510306519","319.99999999972005"
"320.820393356158","349.00000000012"
"342.8942661656769","409.00000000005997"
"331.7309411635983","408.0000000001"
"313.8771250191367","346.00000000024005"
"299.69435850893166","302.99999999962"
"287.1871566242387","297.99999999982003"
"272.8590128400922","291.00000000010004"
"265.45125730601615","277.99999999984004"
"251.40334888021232","278.9999999998"
"254.31355742618234","275.99999999991996"
"246.55746327331917","259.99999999978"
"246.81991481088835","240.99999999976"
"242.36769986854836","255.9999999999401"
"245.89915242210634","275.99999999991996"
"269.5644383340471","312.00000000004"
"301.2417485659114","333.99999999994003"
"305.50780204286764","333.99999999994003"
"300.74902051026066","343.00000000036"
"303.77744067704737","336.99999999982"
"302.9393429458417","339.99999999970004"
"302.0474021113186","337.99999999977996"
"302.19662304213244","327.00000000022"
"305.58497669624455","320.99999999968"
"297.91702752267025","317.99999999979997"
"308.24940766926454","340.99999999966"
"339.17620444233677","365.00000000025994"
"322.8456878539462","348.00000000016"
"312.46525020118577","339.99999999970004"
"296.1437563736684","313.99999999996"
"288.6624504478939","306.00000000028"
"279.07454052283043","290.00000000014006"
"265.6448415547453","276.99999999988006"
"263.5937501261511","265.00000000036005"
"254.722210538323","254.99999999998"
"253.82798571160095","258.99999999982003"
"254.27289161011493","259.99999999978"
"256.86115688864675","274.0"
"265.83884316754165","285.00000000034004"
"293.8088562204725","323.00000000038"
"325.6503192130775","369.0000000001"
"330.38362653939373","341.99999999962"
"324.2148626601479","323.00000000038"
"328.00180427137184","318.99999999976"
"327.6974267675163","328.00000000018"
"320.1715114765922","341.99999999962"
"323.01157618120516","337.99999999977996"
"324.31167950175893","341.99999999962"
"312.6099721410027","345.00000000027995"
"320.1715114765922","356.99999999979997"
"344.72456606852256","395.99999999979997"
"330.2154883891627","371.00000000002"
"313.91619700862134","327.00000000022"
"297.8951612334629","313.0"
"285.0818535620307","313.0"
"270.89191608041205","292.00000000006"
"250.31869470890047","280.99999999972"
"234.18703429549396","269.00000000020003"
"235.18287554140738","261.9999999997"
"226.66420484190962","260.99999999974"
"227.3990405855194","261.9999999997"
"225.06426312813926","270.00000000016"
"237.04847307187345","281.99999999967997"
"256.937989328271","315.99999999988"
"294.71452352572425","337.99999999977996"
"304.15968943852585","337.99999999977996"
"287.52152891914585","334.9999999999"
"308.4940183625686","328.00000000018"
"298.40913754459365","334.9999999999"
"291.52011849397286","334.9999999999"
"301.50111266645155","334.9999999999"
"297.04068833196976","335.99999999986"
"290.94604836558216","336.99999999982"
"303.54470245065045","353.99999999992"
"325.11299972520874","393.99999999988"
"312.82971634132264","350.00000000008"
"301.5334399574918","334.9999999999"
"284.84952701894326","313.99999999996"
"267.1614194683822","292.00000000006"
"260.56246359325144","288.00000000022"
"243.52742717218473","274.99999999996"
"227.97606509051047","270.00000000016"
"224.17580946375108","256.99999999990007"
"221.56053229741644","252.00000000010004"
"221.4222232838273","254.99999999998"
"219.10471549362546","266.00000000032003"
"237.36442094036295","279.99999999976"
"259.90649492814634","306.00000000028"
"280.6400559685314","309.00000000015996"
"287.85981628354233","316.99999999984"
"279.8026242267101","318.99999999976"
"282.25312385761873","313.99999999996"
"279.8026242267101","313.99999999996"
"264.1856103684622","313.99999999996"
"275.11378453011554","310.00000000011994"
"274.4467589736679","298.99999999978"
"267.8676706612355","301.99999999965996"
"286.7922122567922","317.99999999979997"
"313.67203942998253","380.99999999961994"
"308.17615735030824","359.99999999967997"
"294.6742103648966","332.00000000002007"
"288.37218225281674","299.99999999974"
"281.22779641159445","276.99999999988006"
"270.1081762156772","285.00000000034004"
"260.43439576863716","277.99999999984004"
"254.59923514915442","289.00000000017997"
"257.2179362021586","282.99999999963995"
"249.88793984414315","282.99999999963995"
"242.4443847428654","286.0000000003"
"241.5685189090393","279.99999999976"
"229.2902816325667","284.00000000038"
"239.22157592079327","297.99999999982003"
"251.05824801677204","299.99999999974"
"259.2051459414388","304.00000000036005"
"261.8659185831044","304.00000000036005"
"257.90758545269784","305.00000000032003"
"267.12497213565484","304.00000000036005"
"265.10894873827385","304.00000000036005"
"261.2964908005906","300.9999999997"
"265.3692349781453","299.99999999974"
"260.53978209279546","306.00000000028"
"273.95709465276923","332.00000000002007"
"292.8254801851548","338.99999999973994"
"277.11771641515935","335.99999999986"
"267.1938371913684","313.99999999996"
"257.3191805957906","310.00000000011994"
"255.5732248457258","311.00000000008004"
"261.05414296509684","302.99999999962"
"264.00194163876586","292.00000000006"
"251.5577158312551","291.00000000010004"
"254.51904557910143","284.00000000038"
"246.96560498409212","280.99999999972"
"246.35504201167828","277.99999999984004"
"246.7388291439546","277.99999999984004"
"254.9709185794768","275.99999999991996"
"258.8501315832633","282.99999999963995"
"264.74570753719684","287.00000000026"
"273.24427774585587","293.99999999998"
"280.74839495613156","312.00000000004"
"283.8457000891343","316.99999999984"
"284.5939491475516","316.99999999984"
"283.68602192546575","320.99999999968"
"277.3885320715558","312.00000000004"
"277.2265703483039","314.99999999992"
"277.76726659522217","315.99999999988"
"284.8782386536472","344.00000000032"
"307.9632700509551","349.00000000012"
"301.21393511131015","339.99999999970004"
"289.7154965471735","323.00000000038"
"278.49238000218753","312.00000000004"
"269.9810322533157","313.0"
"254.04953004780214","308.0000000002"
"250.75033201205588","293.00000000002"
"238.07937453852605","284.00000000038"
"235.55072870524873","275.99999999991996"
"234.13864078223799","262.9999999996601"
"234.5001708962833","259.99999999978"
"237.13302261866818","276.99999999988006"
"247.4501764495193","291.00000000010004"
"271.51341058094187","364.00000000029996"
"300.5869420312723","431.99999999992"
"300.85776373751696","383.00000000032003"
"309.7096299625984","356.99999999979997"
"313.0586666661827","356.99999999979997"
"320.0836473007754","371.00000000002"
"314.5540175025669","422.00000000032"
"321.36421584480814","389.00000000008004"
"314.1040721120533","379.99999999965996"
"312.2483238370679","409.00000000005997"
"319.20586815504566","495.9999999997"
"342.1411369419654","512.9999999998"
"326.70986554359666","362.00000000038"
"311.5265994628307","316.99999999984"
"297.01747391775535","308.0000000002"
"285.9042351846859","302.99999999962"
"271.0670477331594","300.9999999997"
"262.24258662304874","290.00000000014006"
"253.7781264058499","290.00000000014006"
"250.19493918051035","286.0000000003"
"248.68896840786658","288.00000000022"
"249.09651556608708","284.00000000038"
"251.21622382672217","289.00000000017997"
"253.45920168244868","306.00000000028"
"275.87191168891627","338.99999999973994"
"318.8353001683131","409.00000000005997"
"329.06897800646954","368.00000000014"
"323.77110248226245","351.99999999999994"
"334.367606253122","343.00000000036"
"333.5188498542474","352.99999999996004"
"322.9997640471357","359.99999999967997"
"323.77110248226245","352.99999999996004"
"324.6671943809214","347.00000000020003"
"311.9396281165395","365.00000000025994"
"320.0836473007754","429.00000000004"
"335.65330997494283","455.99999999974"
"319.3276970994345","356.99999999979997"
"303.36570510526207","345.00000000027995"
"288.8937279256776","319.99999999972005"
"280.2048165420323","318.99999999976"
"271.65198838001385","307.00000000024"
"250.26184225349493","295.99999999989996"
"241.39964634776481","295.99999999989996"
"244.32605547150888","289.00000000017997"
"242.4673264208826","290.00000000014006"
"242.36769986854836","292.00000000006"
"251.1228251770351","297.99999999982003"
"254.10328327450998","312.00000000004"
"278.6862223026239","343.00000000036"
"308.35198161275986","372.99999999994"
"321.8457796814435","378.9999999997"
"315.5200239438816","365.00000000025994"
"327.1052155990998","362.00000000038"
"331.59537325755866","366.00000000022"
"322.71143201055776","363.00000000034"
"324.1395317642383","358.99999999972"
"319.2800376448908","357.99999999976"
"300.95046665765926","369.0000000001"
"309.78527077927214","409.00000000005997"
"337.0894805064897","484.00000000018"
"310.88140092758783","359.99999999967997"
"293.9509625599023","336.99999999982"
"285.9185906995636","318.99999999976"
"273.8890686489099","323.00000000038"
"261.39143742925285","319.99999999972005"
"244.7171044004375","300.9999999997"
"240.39291000754645","305.00000000032003"
"236.78037532324072","296.99999999985994"
"228.19534798536552","297.99999999982003"
"229.60418318496534","299.99999999974"
"238.44279203856559","309.00000000015996"
"242.2148001470856","320.99999999968"
"271.15961441715507","345.00000000027995"
"308.42721169976704","410.00000000001995"
"310.8037741008768","334.9999999999"
"313.53462283382606","324.00000000034"
"317.244235456964","319.99999999972005"
"324.91878456485216","331.00000000005997"
"319.01520645219296","368.00000000014"
"314.0841315668197","346.00000000024005"
"311.50327203431704","350.00000000008"
"304.37298361555014","372.99999999994"
"317.6903427414528","430.0"
"338.72702358574725","508.0"
"312.43889387721754","382.00000000036"
"295.813973536409","325.0000000003"
"286.92701589762555","317.99999999979997"
"267.2210814697297","319.99999999972005"
"251.41642121326163","313.99999999996"
"239.68040110545383","304.00000000036005"
"230.90718489725623","306.00000000028"
"223.62738225916257","296.99999999985994"
"227.2765486676252","295.99999999989996"
"227.58278929391417","297.99999999982003"
"237.94311040342996","293.99999999998"
"241.31733633996498","308.0000000002"
"259.30604405743975","335.99999999986"
"285.9812024684023","377.99999999974"
"294.15444787838214","336.99999999982"
"272.7754508112855","332.99999999998005"
"273.6004442657659","329.00000000014"
"271.42936660475397","336.99999999982"
"264.62645570230666","334.9999999999"
"261.3749867588425","330.0000000001"
"262.672966723326","328.00000000018"
"260.0381307651884","330.0000000001"
"267.94872141771486","364.00000000029996"
"286.58280944859274","385.00000000024"
"267.8165609040776","345.00000000027995"
"257.974125806124","321.99999999964"
"251.45842051200225","319.99999999972005"
"246.07383971230843","317.99999999979997"
"238.33164737889456","313.0"
"229.2353451531044","304.00000000036005"
"221.69896869768263","305.00000000032003"
"212.7560504728449","293.99999999998"
"217.0418037475995","280.99999999972"
"214.94691768050188","277.99999999984004"
"222.14804850637609","281.99999999967997"
"225.25698860955424","289.00000000017997"
"228.04324938201773","298.99999999978"
"246.85056420233502","312.00000000004"
"257.9075954823385","317.99999999979997"
"254.67797247831595","318.99999999976"
"261.50703698734173","318.99999999976"
"260.16875660206506","318.99999999976"
"261.2729087992501","313.0"
"270.0186557189293","312.00000000004"
"274.1495521703055","313.99999999996"
"282.0095138451593","318.99999999976"
"304.4933309480652","331.00000000005997"
"323.51746120797554","334.9999999999"
"314.5198145595346","329.00000000014"
"302.6525147029297","319.99999999972005"
"293.66792416823967","316.99999999984"
"286.63164538412036","320.99999999968"
"282.7373882503614","321.99999999964"
"280.5193403552619","313.99999999996"
"279.17941433891485","318.99999999976"
"276.31681902664377","308.0000000002"
"278.47428342357074","293.00000000002"
"274.8676053255339","292.00000000006"
"278.5542777397506","293.99999999998"
"279.63409835582064","293.99999999998"
"282.4445703139786","289.00000000017997"
"288.1153233854402","291.00000000010004"
"294.21400758949807","298.99999999978"
"297.518421762753","319.99999999972005"
"301.3204912185373","328.00000000018"
"304.8735780550724","326.00000000026"
"302.8772049612257","324.00000000034"
"298.829963393712","320.99999999968"
"293.85420708131306","318.99999999976"
"296.9286825003408","323.00000000038"
"312.6573547469502","346.00000000024005"
"336.5714556782436","350.00000000008"
"329.99154690677597","341.99999999962"
"319.9604946413867","332.99999999998005"
"306.17895327840324","327.00000000022"
"298.45890938417347","330.0000000001"
"292.2030434921314","321.99999999964"
"284.34689501395985","308.0000000002"
"276.58145833432013","310.00000000011994"
"274.9878683935965","300.9999999997"
"274.031257529198","290.00000000014006"
"269.9786517664944","290.00000000014006"
"279.3600887735213","296.99999999985994"
"286.6759421365448","318.99999999976"
"311.88375932677656","345.00000000027995"
"346.9605553461035","366.00000000022"
"351.8876408474528","333.99999999994003"
"349.9115550735224","326.00000000026"
"353.562808824071","327.00000000022"
"354.9258468240286","333.99999999994003"
"348.9455342683233","341.99999999962"
"353.03903614235526","346.00000000024005"
"348.01798344803194","350.00000000008"
"339.86902458389795","347.00000000020003"
"348.8026620572533","351.99999999999994"
"366.08791474586224","348.00000000016"
"351.22236527813527","332.00000000002007"
"336.4509257457573","318.99999999976"
"324.84885414808855","314.99999999992"
"309.12770137415316","330.0000000001"
"299.2862167276165","325.0000000003"
"287.45337638290135","314.99999999992"
"279.29380562414127","315.99999999988"
"276.68078431537054","313.99999999996"
"271.5421924703598","313.0"
"267.28802096582444","309.00000000015996"
"269.7854477558823","313.0"
"278.6945421257724","327.00000000022"
"305.032486855259","368.00000000014"
"342.67661091217707","410.00000000001995"
"346.12938510226456","330.0000000001"
"344.2725706611826","325.0000000003"
"347.09787825351117","325.0000000003"
"344.4949797580691","328.00000000018"
"337.58510224370366","373.9999999999"
"338.31401340466215","375.99999999982003"
"335.55269916834004","363.00000000034"
"331.78821861074385","385.00000000024"
"343.07080447927194","438.99999999964"
"363.8088243072576","465.00000000015996"
"351.3987244065132","378.9999999997"
"336.0081785685086","345.00000000027995"
"324.800971270346","333.99999999994003"
"305.1812310605897","337.99999999977996"
"294.76805192186634","328.00000000018"
"279.95483281641566","316.99999999984"
"268.7193444235014","316.99999999984"
"269.9030456646089","312.00000000004"
"273.67822671804726","311.00000000008004"
"273.82386564894256","304.00000000036005"
"276.8329454637254","309.00000000015996"
"285.00832673240905","330.0000000001"
"308.49609727144224","359.99999999967997"
"342.24210093912683","378.9999999997"
"350.93070730711645","364.00000000029996"
"342.2024100870002","345.00000000027995"
"346.20381490479593","344.00000000032"
"342.4302706106909","340.99999999966"
"326.40652149417167","343.00000000036"
"327.16534374038287","339.99999999970004"
"323.6878957192205","338.99999999973994"
"317.4314421850267","351.00000000003996"
"332.706989632862","376.99999999978"
"359.49506834981577","409.00000000005997"
"339.2211607871254","344.00000000032"
"328.8226058622506","338.99999999973994"
"313.9594004429683","324.00000000034"
"296.175441684318","330.0000000001"
"286.2764192309543","327.00000000022"
"277.34235241514983","317.99999999979997"
"268.5854231934188","317.99999999979997"
"274.4130589226656","315.99999999988"
"277.62745006682616","315.99999999988"
"277.9391467677817","314.99999999992"
"283.83380328850956","319.99999999972005"
"292.5137149026935","327.00000000022"
"319.35734410794765","365.00000000025994"
"351.0958829467427","351.99999999999994"
"353.85622452504515","351.99999999999994"
"352.2447678677396","344.00000000032"
"357.09529597583827","343.00000000036"
"356.652427763075","344.00000000032"
"352.17165799789933","348.00000000016"
"353.41617031234875","347.00000000020003"
"350.20247590679116","352.99999999996004"
"339.7188519601006","408.0000000001"
"353.34286852931405","437.99999999967997"
"369.75204555551124","520.0000000003"
"351.6949666039086","455.99999999974"
"335.93729026454514","409.00000000005997"
"317.78851680823044","340.99999999966"
"304.80588107092774","339.99999999970004"
"286.04547101758334","332.00000000002007"
"273.2465288103247","326.00000000026"
"264.9210660127136","319.99999999972005"
"266.39585616670183","315.99999999988"
"263.8791048476169","312.00000000004"
"258.16035737123286","308.0000000002"
"260.0724247043645","306.00000000028"
"268.7979605072085","324.00000000034"
"296.7572502516834","372.99999999994"
"327.4817872424557","432.99999999988"
"333.1582946278121","409.00000000005997"
"327.92568757041585","354.99999999988"
"330.67496595722423","353.99999999992"
"328.6875172779584","354.99999999988"
"311.1973050986218","346.00000000024005"
"303.17647265875985","336.99999999982"
"289.30346050059563","332.99999999998005"
"284.5168311740385","339.99999999970004"
"296.77360693182754","352.99999999996004"
"315.2883924473066","387.00000000015996"
"296.6084411388492","332.99999999998005"
"278.71493084355757","324.00000000034"
"264.1412740239166","316.99999999984"
"254.31971075487957","315.99999999988"
"244.3843283410148","313.0"
"232.15638386517128","309.00000000015996"
"230.03282248121502","305.00000000032003"
"223.2429216754009","301.99999999965996"
"220.33127072099455","299.99999999974"
"227.9703388142368","298.99999999978"
"228.23322367556375","300.9999999997"
"230.9987560179626","305.00000000032003"
"246.05871591606285","311.00000000008004"
"256.97267857739723","311.00000000008004"
"267.88130013131274","313.0"
"275.08116560208407","313.0"
"278.94124583559517","315.99999999988"
"278.15043894009756","315.99999999988"
"280.06483225709684","314.99999999992"
"278.0294835965378","313.99999999996"
"281.95352326170524","313.99999999996"
"283.7569655677948","316.99999999984"
"301.5293074558169","332.00000000002007"
"318.52985273044646","336.99999999982"
"309.5615926110216","327.00000000022"
"294.43057272889865","317.99999999979997"
"286.81438511721603","315.99999999988"
"280.49010009101625","314.99999999992"
"273.2919040215945","314.99999999992"
"266.1814076319638","313.0"
"265.37901003456045","312.00000000004"
"261.6403483119624","307.00000000024"
"260.4856344649186","305.00000000032003"
"260.0182248401443","305.00000000032003"
"265.00480375330403","297.99999999982003"
"260.9150081452535","293.99999999998"
"269.0567731521387","304.00000000036005"
"275.3164181365449","305.00000000032003"
"282.3816610825024","310.00000000011994"
"288.4184709119602","312.00000000004"
"291.33172702858167","313.0"
"291.48265516919116","314.99999999992"
"293.6599848043436","314.99999999992"
"295.338909169044","313.99999999996"
"295.1062384518051","314.99999999992"
"297.2781439519103","316.99999999984"
"311.6577491038393","317.99999999979997"
"331.9192198012386","317.99999999979997"
"323.2532552853779","317.99999999979997"
"313.3071146022883","316.99999999984"
"305.2562238634957","315.99999999988"
"295.8240626206043","315.99999999988"
"287.76279331054053","314.99999999992"
"279.2573709977325","312.00000000004"
"275.14187770427253","299.99999999974"
"273.3196844846703","295.99999999989996"
"272.9352682102709","295.99999999989996"
"272.8542263581948","296.99999999985994"
"265.79232165518124","297.99999999982003"
"279.4878880822541","313.0"
"304.9184920278983","332.00000000002007"
"342.21690250133867","324.00000000034"
"349.83885852231003","319.99999999972005"
"349.69350606830915","316.99999999984"
"351.2953119241738","319.99999999972005"
"356.06249191297894","324.00000000034"
"352.6105007380402","332.00000000002007"
"348.02594003975","325.0000000003"
"341.4363324809849","323.00000000038"
"335.4792416798826","360.99999999964"
"347.08675562479806","484.00000000018"
"365.3412319622472","518.0000000003799"
"347.8582374453925","366.00000000022"
"336.59005346791116","316.99999999984"
"321.08884584814075","313.0"
"306.4805747567317","313.0"
"296.3991061685164","310.00000000011994"
"279.5790909749577","306.00000000028"
"272.1600572346549","300.9999999997"
"273.78739326734205","297.99999999982003"
"268.5528263079035","296.99999999985994"
"269.24124637851855","298.99999999978"
"275.6226588246372","300.9999999997"
"279.53226015175403","315.99999999988"
"305.33293325796876","330.0000000001"
"341.8081510968341","320.99999999968"
"346.90426688447667","320.99999999968"
"345.0031546593747","314.99999999992"
"345.534374356353","313.99999999996"
"340.25378350988814","316.99999999984"
"335.7115480450666","316.99999999984"
"338.75892298467477","313.99999999996"
"339.4102861692893","312.00000000004"
"338.9299903483391","328.00000000018"
"348.4463791874106","402.00000000034"
"361.9556673541594","402.00000000034"
"345.0699722295746","324.00000000034"
"334.3251052838909","311.00000000008004"
"319.27390997309914","307.00000000024"
"308.49609727144224","306.00000000028"
"286.44988125207334","302.99999999962"
"274.1896060555339","298.99999999978"
"264.5374825923677","297.99999999982003"
"261.25576027044576","291.00000000010004"
"259.93718066655333","291.00000000010004"
"254.35755608520105","293.99999999998"
"263.02038776549966","297.99999999982003"
"271.1784770400416","309.00000000015996"
"296.6332857496267","313.99999999996"
"337.86456496682285","313.99999999996"
"344.54097472320245","313.0"
"337.4699333209148","306.00000000028"
"341.51413307424264","305.00000000032003"
"344.8431968160324","306.00000000028"
"338.0134878179962","305.00000000032003"
"340.4784577194204","305.00000000032003"
"333.08304163890887","305.00000000032003"
"324.825550996163","315.99999999988"
"332.056286335449","319.99999999972005"
"341.9376824752175","315.99999999988"
"318.2352360928512","308.0000000002"
"305.2877999908457","304.00000000036005"
"275.480471499993","298.99999999978"
"265.658082736118","293.00000000002"
"250.80694299612549","290.00000000014006"
"236.40052564127996","281.99999999967997"
"225.4016295220439","274.99999999996"
"217.70554264736222","270.00000000016"
"214.3630687488785","269.00000000020003"
"219.9493520556706","271.00000000012"
"229.38149233626336","274.99999999996"
"245.19205702574584","282.99999999963995"
"274.9544373053771","295.99999999989996"
"315.5972740003515","305.00000000032003"
"333.2164428347464","305.00000000032003"
"326.42798446886036","299.99999999974"
"327.7026626201031","298.99999999978"
"319.39542148931184","300.9999999997"
"309.8741333169193","300.9999999997"
"310.33851766378","299.99999999974"
"309.2563277800573","304.00000000036005"
"303.39446655335183","320.99999999968"
"314.6347134953681","310.00000000011994"
"319.70203562642007","314.99999999992"
"298.857679423643","305.00000000032003"
"275.36974976471106","300.9999999997"
"264.88245804443716","295.99999999989996"
"253.61558511542228","292.00000000006"
"249.97182252119273","288.00000000022"
"234.0403199293528","277.99999999984004"
"220.120965821131","262.9999999996601"
"209.36095897219445","254.00000000002"
"205.11945878394692","250.00000000017997"
"202.71242293725447","253.00000000006003"
"209.4389078989874","260.99999999974"
"229.52158299833752","267.00000000028"
"261.3555491101886","284.00000000038"
"258.53454833973","291.00000000010004"
"252.35254321766206","290.00000000014006"
"252.747136045802","288.00000000022"
"248.93782617085253","288.00000000022"
"255.63302277456125","289.00000000017997"
"269.17732064333535","289.00000000017997"
"272.2732202489615","290.00000000014006"
"265.1006567037592","290.00000000014006"
"262.3006452043369","292.00000000006"
"307.66628720080075","297.99999999982003"
"290.67955815610844","299.99999999974"
"265.3055050388515","293.00000000002"
"263.13181588343275","286.0000000003"
"256.35125223568025","277.99999999984004"
"253.52375298634684","273.00000000004"
"242.25301809688756","271.00000000012"
"230.79263773738558","261.9999999997"
"215.36587217774184","252.00000000010004"
"195.81470091661902","237.99999999987995"
"187.39913975897673","231.00000000015996"
"188.82794195830718","229.00000000024"
"189.77538730644426","234.0000000000399"
"201.75059257714668","242.99999999968009"
"215.97362349606942","254.99999999998"
"238.77085648592367","255.9999999999401"
"245.88664936860982","259.99999999978"
"248.60143691892665","265.00000000036005"
"249.85879058333842","268.00000000024"
"248.9213202147464","269.00000000020003"
"247.99599701966486","265.00000000036005"
"247.51675484979535","262.9999999996601"
"254.0753026423912","265.00000000036005"
"259.75904104856545","274.99999999996"
"262.6540548735795","280.99999999972"
"262.86472805778646","284.00000000038"
"263.9813744373504","279.99999999976"
"259.89792949459047","272.00000000008"
"250.41068960615746","265.00000000036005"
"234.10023074545256","261.9999999997"
"223.3476209273324","256.99999999990007"
"200.1758627368082","239.99999999980002"
"179.72490836035013","223.99999999965996"
"176.6384056740527","195.00000000004002"
"158.94497604278263","161.99999999980002"
"146.39105725967102","151.00000000024"
"145.93502044880609","185.99999999961994"
"133.40787498951647","172.00000000018008"
"138.91607262528498","180.99999999982003"
"167.62330712863593","190.00000000024"
"193.32156275060493","224.99999999961994"
"200.9718386190782","255.9999999999401"
"219.5318777319893","259.99999999978"
"221.9553232444789","262.9999999996601"
"210.20377251838886","265.00000000036005"
"206.00817789929113","258.99999999982003"
"183.26811406097693","255.9999999999401"
"183.07902553181805","262.9999999996601"
"209.3048892846641","281.99999999967997"
"232.5246960020263","287.00000000026"
"230.98738216563777","282.99999999963995"
"221.30077468535615","278.9999999998"
"213.6791885128439","274.99999999996"
"219.482708872452","268.00000000024"
"218.14104500192138","258.99999999982003"
"206.82480481510083","253.00000000006003"
"200.85697134457803","196.0"
"194.32151979186483","197.99999999991996"
"199.71460580148243","241.99999999972"
"200.02113023986658","248.00000000026"
"217.32354902034433","253.00000000006003"
"231.8536980828236","262.9999999996601"
"269.19805899183217","278.9999999998"
"306.1804899248882","304.00000000036005"
"320.31297586541496","304.00000000036005"
"311.91222881247637","305.00000000032003"
"314.28673640810933","302.99999999962"
"305.7354959423404","311.00000000008004"
"299.0138721565185","316.99999999984"
"307.37610567341505","302.99999999962"
"304.2507551995786","317.99999999979997"
"299.2836036530387","333.99999999994003"
"317.2240158847379","371.99999999998"
"335.41105912579036","418.99999999966"
"303.0914308099723","313.0"
"295.5259966424144","294.99999999994"
"268.69312991381616","282.99999999963995"
"255.24974577783632","277.99999999984004"
"248.53320545189115","269.00000000020003"
"234.42951775563313","256.99999999990007"
"216.8042519294255","256.99999999990007"
"211.70811845438163","249.00000000021998"
"208.28623507371015","248.00000000026"
"205.76410581375978","250.00000000017997"
"216.68716008940294","254.00000000002"
"230.7499595325345","261.9999999997"
"253.0824146252096","282.99999999963995"
"279.8626531073726","300.9999999997"
"265.8620896285166","293.99999999998"
"265.45645569507815","285.00000000034004"
"267.40247580237485","287.00000000026"
"267.7166513764522","288.00000000022"
"262.88213284105063","288.00000000022"
"275.421469363898","288.00000000022"
"273.6004442657659","290.00000000014006"
"269.7696440332873","302.99999999962"
"265.8620896285166","307.00000000024"
"261.15248480455546","305.00000000032003"
"255.92883220392446","290.00000000014006"
"254.0972604029356","281.99999999967997"
"255.8917913261604","272.00000000008"
"260.08805078219734","267.00000000028"
"254.4671165668915","257.99999999986005"
"236.99280067068185","245.00000000037994"
"214.35192669526157","235.99999999995998"
"202.37782650768372","208.00000000030002"
"202.54496767515968","199.99999999984004"
"193.98727347026158","213.00000000009993"
"213.24502950487602","235.0"
"230.57674521493539","253.00000000006003"
"254.42101364514224","263.99999999962006"
"261.52322510045326","277.99999999984004"
"265.8210932287143","278.9999999998"
"250.98488934899615","277.99999999984004"
"254.96776882991662","276.99999999988006"
"273.0824331146134","275.99999999991996"
"267.6038015775006","277.99999999984004"
"289.1564205289938","277.99999999984004"
"299.9704039924803","279.99999999976"
"296.91616339582976","285.00000000034004"
"319.244128668479","289.00000000017997"
"337.64450128625117","293.99999999998"
"319.4058640797546","284.00000000038"
"303.29211260176726","277.99999999984004"
"283.8177299771872","272.00000000008"
"265.6018844991646","268.00000000024"
"251.1549886886595","261.9999999997"
"234.17349169919544","252.00000000010004"
"218.99322994678323","241.99999999972"
"207.687571890154","218.99999999985994"
"201.0001000617707","215.99999999998"
"205.40101671784612","220.99999999978002"
"209.36014682220355","234.0000000000399"
"233.09985555791002","254.00000000002"
"261.9805787561329","265.00000000036005"
"258.27033716043775","277.99999999984004"
"256.7564093206437","277.99999999984004"
"259.0388554245094","274.99999999996"
"257.2137094792605","274.0"
"257.49718801525523","274.99999999996"
"254.41917874509159","274.0"
"262.4539279154875","274.0"
"279.02800780365834","275.99999999991996"
"286.1345217512362","284.00000000038"
"308.10224790970364","289.00000000017997"
"329.38054548297106","290.00000000014006"
"325.47350782921563","281.99999999967997"
"307.8102382415111","277.99999999984004"
"298.91280186713897","274.0"
"291.59019544467577","272.00000000008"
"282.90858118777476","269.00000000020003"
"271.28096733588563","259.99999999978"
"267.7438708389276","255.9999999999401"
"269.51239841404146","253.00000000006003"
"264.1251017311463","253.00000000006003"
"269.39595711830435","256.99999999990007"
"271.8716422082267","260.99999999974"
"283.99908567809854","272.00000000008"
"300.2505412750892","275.99999999991996"
"344.28462844219547","290.00000000014006"
"355.0390138434982","291.00000000010004"
"343.63532773345537","289.00000000017997"
"344.012492300901","288.00000000022"
"337.939019486821","289.00000000017997"
"322.04662179547773","289.00000000017997"
"304.68656349878887","290.00000000014006"
"300.62055600664576","293.00000000002"
"297.2871089801737","297.99999999982003"
"320.37766904357386","296.99999999985994"
"334.74181299839785","293.99999999998"
"320.0971210854287","291.00000000010004"
"318.8550994429293","288.00000000022"
"287.75259507216623","282.99999999963995"
"271.2706403393809","278.9999999998"
"261.8214192250101","273.00000000004"
"232.33002678712353","265.00000000036005"
"215.00693698150656","263.99999999962006"
"206.859386502529","256.99999999990007"
"189.91079526967815","254.00000000002"
"183.6111665237903","249.00000000021998"
"184.98488844813414","242.99999999968009"
"184.7894811547394","247.00000000030002"
"197.598202922082","252.00000000010004"
"230.70322504029718","255.9999999999401"
"245.77065679473924","256.99999999990007"
"248.82517510356183","260.99999999974"
"263.1575844975516","263.99999999962006"
"257.29833399588847","263.99999999962006"
"256.6907377178385","262.9999999996601"
"255.78156429091894","260.99999999974"
"255.34223442541895","261.9999999997"
"252.7817765682579","268.00000000024"
"260.2342715817507","276.99999999988006"
"260.0694601465916","280.99999999972"
"259.34992697696634","276.99999999988006"
"256.30088170475096","268.00000000024"
"253.26661138724467","258.99999999982003"
"247.25348577488842","256.99999999990007"
"233.82421952551158","251.00000000014006"
"221.61060241413838","245.00000000037994"
"202.4397906117141","237.99999999987995"
"197.14900965305253","176.99999999998"
"205.17584065862036","148.00000000035993"
"195.10738732909863","140.99999999985994"
"194.31248944199206","123.99999999976"
"204.08617781282078","104.99999999974"
"211.90108218902878","143.99999999974"
"227.47778053341494","198.99999999987995"
"240.37057292502595","230.00000000019998"
"247.3644447695949","253.00000000006003"
"248.70880649356468","257.99999999986005"
"255.2160988558428","260.99999999974"
"252.46552677495276","260.99999999974"
"250.13814309275438","262.9999999996601"
"250.52341945329704","266.00000000032003"
"254.3355269146507","273.00000000004"
"272.5274607012061","279.99999999976"
"288.51645239142493","284.00000000038"
"278.1408706860467","282.99999999963995"
"274.47386897410104","280.99999999972"
"269.6867061161924","275.99999999991996"
"254.20386495920764","274.0"
"238.1554248640315","268.00000000024"
"222.40582671127322","257.99999999986005"
"221.32058178536977","266.00000000032003"
"213.40417168662714","254.00000000002"
"218.56472141401503","217.99999999989996"
"212.35082071043246","221.99999999974"
"235.0390307133472","234.0000000000399"
"239.36966185932613","266.00000000032003"
"256.3126972223025","282.99999999963995"
"283.6439207503803","295.99999999989996"
"293.9147028407945","293.99999999998"
"264.5977438558933","292.00000000006"
"296.2631284825515","293.99999999998"
"296.7041097876888","293.99999999998"
"282.94471993736636","292.00000000006"
"291.8723664919105","292.00000000006"
"289.98433902752475","295.99999999989996"
"289.7767087975438","325.0000000003"
"318.9960139084824","304.00000000036005"
"335.33854747243026","307.00000000024"
"313.1583402621025","294.99999999994"
"297.3340877219708","290.00000000014006"
"288.9023608875357","284.00000000038"
"269.1308732558151","281.99999999967997"
"255.8764878930043","274.0"
"246.47749813624637","269.00000000020003"
"241.3772311829082","267.00000000028"
"243.36353733717203","262.9999999996601"
"242.52090743724136","263.99999999962006"
"227.30283935917987","258.99999999982003"
"252.44371617011177","259.99999999978"
"249.6231015136193","271.00000000012"
"280.6400024778835","280.99999999972"
"323.25676923465693","293.99999999998"
"333.39506681225515","293.99999999998"
"306.94221917219915","289.00000000017997"
"344.17598544780486","289.00000000017997"
"313.95797041376915","294.99999999994"
"308.25943343679654","293.99999999998"
"323.6518884465258","294.99999999994"
"319.87523482943556","294.99999999994"
"307.71882295730296","297.99999999982003"
"315.0011537015764","300.9999999997"
"309.9001813570014","300.9999999997"
"313.4778931687069","294.99999999994"
"270.89744194759294","288.00000000022"
"254.20229114851884","281.99999999967997"
"254.74805718467292","280.99999999972"
"257.88438774071494","276.99999999988006"
"240.94287599747804","269.00000000020003"
"232.1746488126579","262.9999999996601"
"221.1987982218119","259.99999999978"
"219.18499858022403","259.99999999978"
"219.5715144186629","257.99999999986005"
"226.93106980931782","259.99999999978"
"245.16471562977665","274.0"
"273.85137771391555","287.00000000026"
"330.7003420241984","323.00000000038"
"343.3724511114961","324.00000000034"
"332.8315453338973","301.99999999965996"
"349.5938753810888","296.99999999985994"
"357.0394443312709","313.0"
"349.0905172480732","309.00000000015996"
"357.50308430416766","309.00000000015996"
"358.7960921433802","316.99999999984"
"349.6396607455953","335.99999999986"
"363.2066911977147","365.00000000025994"
"373.4598928250326","378.9999999997"
"355.2092832378902","319.99999999972005"
"350.9760607869869","295.99999999989996"
"327.0240572972659","291.00000000010004"
"305.93621359571523","289.00000000017997"
"295.1301088590231","282.99999999963995"
"278.85266017516824","274.0"
"266.1306246910531","259.99999999978"
"262.36551113509324","259.99999999978"
"261.11820674955777","250.00000000017997"
"267.30559521049054","246.00000000033992"
"269.5740269684564","255.9999999999401"
"277.8933260504058","273.00000000004"
"311.47764146586974","292.00000000006"
"354.66648582891895","343.00000000036"
"357.6530821615456","346.00000000024005"
"348.44198010156646","319.99999999972005"
"344.3326930432981","314.99999999992"
"340.3451573265963","326.00000000026"
"322.07374299195124","333.99999999994003"
"299.68396618864193","334.9999999999"
"265.49658666310347","328.00000000018"
"252.27919388091618","323.00000000038"
"251.96779916993546","330.0000000001"
"255.448587208733","317.99999999979997"
"256.60411114126407","293.99999999998"
"257.6350432813815","285.00000000034004"
"262.0136893821757","277.99999999984004"
"263.860613419028","274.99999999996"
"257.9131241056381","268.00000000024"
"243.95270087539825","258.99999999982003"
"216.6454708434493","227.00000000032003"
"190.10529020228512","200.99999999980002"
"177.45870007051144","197.99999999991996"
"156.27977410195808","213.00000000009993"
"166.50582454677192","222.99999999969998"
"182.8299107778097","255.9999999999401"
"228.1987951680985","271.00000000012"
"246.89499866310496","285.00000000034004"
"250.30516301615785","288.00000000022"
"249.27962638449162","287.00000000026"
"249.29737348591289","286.0000000003"
"248.1848928935725","285.00000000034004"
"246.61354921508223","282.99999999963995"
"246.93390368866847","278.9999999998"
"244.30656948156275","280.99999999972"
"246.52388562398596","285.00000000034004"
"251.86284203257833","287.00000000026"
"251.4943393292108","286.0000000003"
"251.80379338898229","279.99999999976"
"248.80985873298994","272.00000000008"
"249.58688748723887","267.00000000028"
"245.78678112780005","263.99999999962006"
"230.72101072196097","260.99999999974"
"209.35098457392246","255.9999999999401"
"216.18215898723793","250.00000000017997"
"192.22557086266784","233.00000000007992"
"191.70194338904787","226.00000000035993"
"185.97212221283291","224.99999999961994"
"191.62115493230647","234.0000000000399"
"193.88007525784042","240.99999999976"
"221.4698806304683","245.00000000037994"
"245.56390838930224","250.00000000017997"
"259.564069734294","252.00000000010004"
"261.45253666424844","255.9999999999401"
"261.69368729786595","258.99999999982003"
"260.61719399402625","259.99999999978"
"257.80490335501497","258.99999999982003"
"256.11494449172574","257.99999999986005"
"254.308482600018","259.99999999978"
"257.4480077465339","267.00000000028"
"264.2425584061192","272.00000000008"
"262.8855922682028","275.99999999991996"
"263.5503890859578","271.00000000012"
"262.2262816162056","267.00000000028"
"256.3100945519715","261.9999999997"
"246.4101427043795","259.99999999978"
"236.37932911961968","255.9999999999401"
"224.91345986885665","254.00000000002"
"209.37038092756586","254.99999999998"
"206.6275336374456","252.00000000010004"
"208.11687521663248","242.99999999968009"
"208.19718442322915","238.99999999984004"
"213.68997264416544","253.00000000006003"
"224.89027423579046","251.00000000014006"
"237.66585329190502","258.99999999982003"
"254.85734114873264","260.99999999974"
"270.3103165450315","261.9999999997"
"271.3008076302377","263.99999999962006"
"273.77297031090404","268.00000000024"
"263.5913159266271","271.00000000012"
"256.9237777603877","271.00000000012"
"252.04928988335507","272.00000000008"
"252.59912327971176","274.0"
"252.04421273766673","282.99999999963995"
"261.239460482014","287.00000000026"
"271.606811136034","287.00000000026"
"260.90715836719676","284.00000000038"
"255.68080364786476","277.99999999984004"
"250.95649849031895","273.00000000004"
"246.40108868218556","270.00000000016"
"236.9494783366772","262.9999999996601"
"223.33965795372808","257.99999999986005"
"212.3821746310996","255.9999999999401"
"201.9578632016669","253.00000000006003"
"202.8718318186003","252.00000000010004"
"210.13426336901318","231.00000000015996"
"219.33555408067537","239.99999999980002"
"231.78543087379342","263.99999999962006"
"260.39850709223583","309.00000000015996"
"290.33134993773984","375.99999999982003"
"314.8403995093511","292.00000000006"
"313.1583402621025","290.00000000014006"
"323.57506947181287","289.00000000017997"
"323.65587912027905","290.00000000014006"
"332.11423992035185","289.00000000017997"
"335.66415847402664","289.00000000017997"
"319.4753581626557","299.99999999974"
"317.45709506955177","408.0000000001"
"325.31545334378404","375.99999999982003"
"347.4440152186627","334.9999999999"
"321.64036243377797","290.00000000014006"
"303.3193904687902","284.00000000038"
"295.84958567254324","275.99999999991996"
"270.29080255042226","271.00000000012"
"262.4994093394357","263.99999999962006"
"240.76391801798616","255.9999999999401"
"225.65876687735965","254.99999999998"
"220.05415485408662","250.00000000017997"
"215.28509553717367","240.99999999976"
"220.01378397676183","214.00000000006003"
"222.4448991154485","215.99999999998"
"227.00943226797608","277.99999999984004"
"258.5072946466713","299.99999999974"
"257.33458151017794","343.00000000036"
"256.8706824733341","284.00000000038"
"257.62568841405414","276.99999999988006"
"256.98172901600685","277.99999999984004"
"256.5920376082298","274.99999999996"
"257.47960973477416","299.99999999974"
"250.07446895526732","290.00000000014006"
"250.59761736118628","305.00000000032003"
"251.41084456315195","348.00000000016"
"256.56229330295196","349.00000000012"
"263.6890619780705","285.00000000034004"
"250.56158861127506","278.9999999998"
"253.8262071527721","274.0"
"260.99173454008996","268.00000000024"
"262.6445569840249","266.00000000032003"
"258.74973715716135","257.99999999986005"
"240.40319360950014","246.00000000033992"
"212.9187659714761","234.0000000000399"
"202.78468450382195","196.99999999995998"
"191.89742848172614","201.99999999976"
"200.06782998606172","176.00000000002"
"217.06910435917916","209.00000000026"
"242.73280237346273","251.00000000014006"
"262.5006623070999","262.9999999996601"
"256.1810640771952","274.99999999996"
"250.41931734687205","276.99999999988006"
"250.05405015080498","273.00000000004"
"249.46381287617658","274.0"
"250.27617016056047","274.0"
"254.54028680855868","273.00000000004"
"275.4764300646994","277.99999999984004"
"282.31568136525425","285.00000000034004"
"277.33849621514634","288.00000000022"
"291.39921563824333","289.00000000017997"
"303.82676905114045","289.00000000017997"
"277.6823297187966","282.99999999963995"
"259.52903908139467","273.00000000004"
"256.7094159635012","265.00000000036005"
"254.14145742766846","261.9999999997"
"249.71485031020973","255.9999999999401"
"239.7512904944591","246.00000000033992"
"224.3106110740705","242.99999999968009"
"217.48613251976064","207.00000000034004"
"218.77968759266992","202.99999999972"
"219.07308587259536","180.99999999982003"
"225.72236821498188","198.99999999987995"
"236.59203442741818","253.00000000006003"
"253.04689504383487","266.00000000032003"
"273.8098831610793","276.99999999988006"
"293.55111748393136","284.00000000038"
"288.8856807658626","278.9999999998"
"289.7150427381311","278.9999999998"
"287.38758742383214","279.99999999976"
"293.00745514040324","280.99999999972"
"311.2698926379451","281.99999999967997"
"313.8255902914805","284.00000000038"
"307.97617860739064","292.00000000006"
"327.2609427122348","309.00000000015996"
"347.23571013385146","295.99999999989996"
"328.66493768527704","291.00000000010004"
"317.50515781890726","279.99999999976"
"302.20452157325246","272.00000000008"
"294.0587574779072","273.00000000004"
"280.47508654241483","265.00000000036005"
"272.98592992522566","258.99999999982003"
"264.29860976373163","251.00000000014006"
"266.05314133031493","249.00000000021998"
"265.07993527922304","249.00000000021998"
"266.13861854575407","254.00000000002"
"273.7133248804977","256.99999999990007"
"285.79881718459086","262.9999999996601"
"307.6375911947838","278.9999999998"
"345.5871154372381","294.99999999994"
"359.60034317088576","299.99999999974"
"354.9644901071933","291.00000000010004"
"356.45662370902625","289.00000000017997"
"347.9188660564525","288.00000000022"
"327.6300004028703","293.99999999998"
"320.73962729668193","291.00000000010004"
"308.30526884938877","292.00000000006"
"296.1334199599981","293.00000000002"
"320.9164127270215","294.99999999994"
"327.2609427122348","293.00000000002"
"316.5119661536096","287.00000000026"
"299.05983087077885","280.99999999972"
"277.99749004079695","271.00000000012"
"266.2885214495475","268.00000000024"
"254.26444863087215","262.9999999996601"
"242.3343077325801","256.99999999990007"
"224.16721521244995","228.00000000028"
"213.22912764058094","193.00000000012005"
"214.97297323851274","172.00000000018008"
"215.44532086746028","168.00000000034004"
"222.1821672978498","171.00000000021998"
"225.81322232501668","185.99999999961994"
"241.13759670712807","229.00000000024"
"258.91567300609927","237.99999999987995"
"272.60941944879215","252.00000000010004"
"276.0582304645514","261.9999999997"
"272.3334479405065","263.99999999962006"
"262.4994093394357","263.99999999962006"
"263.2931851575164","260.99999999974"
"259.38089919283277","259.99999999978"
"267.00592439853847","262.9999999996601"
"265.3264484091443","267.00000000028"
"280.9000301656044","272.00000000008"
"295.56617894532235","274.0"
"288.4849662668837","270.00000000016"
"278.30852200444093","262.9999999996601"
"261.74724217756295","257.99999999986005"
"254.02964560270493","252.00000000010004"
"251.62234052855194","248.00000000026"
"243.64654676969576","235.0"
"237.52544999928614","227.00000000032003"
"251.35652676620157","183.99999999969998"
"249.5978838564373","157.9999999999601"
"243.97218792015497","136.0000000000599"
"249.27842012106157","137.00000000002"
"250.79679677696993","150.00000000028"
"248.54134147017635","159.99999999988006"
"258.23029114930034","171.00000000021998"
"263.8715982435193","208.00000000030002"
"268.0197420344805","250.00000000017997"
"269.15811960417534","253.00000000006003"
"261.0359575934933","255.9999999999401"
"252.4055414060233","253.00000000006003"
"262.522722353071","251.00000000014006"
"262.69830528535033","253.00000000006003"
"266.8274631879732","259.99999999978"
"284.77300159227","268.00000000024"
"300.6118655499672","272.00000000008"
"291.02114972312955","268.00000000024"
"281.3560472683554","262.9999999996601"
"266.3280522008348","256.99999999990007"
"256.57665922941567","252.00000000010004"
"244.86499210788486","248.00000000026"
"230.82390475171894","235.99999999995998"
"217.11262216379419","246.00000000033992"
"206.49700493601574","245.00000000037994"
"199.07134539978756","246.00000000033992"
"204.4897405712967","247.00000000030002"
"206.6408993413653","250.00000000017997"
"225.72236821498188","257.99999999986005"
"253.84597593319234","270.00000000016"
"280.103401622933","281.99999999967997"
"290.76370784630967","286.0000000003"
"286.9841003275425","282.99999999963995"
"286.2500842122142","284.00000000038"
"271.331946523579","284.00000000038"
"266.6893623654536","282.99999999963995"
"277.28118240953705","282.99999999963995"
"293.4227421959988","284.00000000038"
"296.03027889709335","289.00000000017997"
"312.98620458389547","293.00000000002"
"329.34694513174526","293.00000000002"
"326.98524541024426","286.0000000003"
"307.45103279654836","276.99999999988006"
"292.6860365834807","269.00000000020003"
"271.7539264948079","261.9999999997"
"265.02652196767156","258.99999999982003"
"246.0608225985054","249.00000000021998"
"235.13755111717057","246.00000000033992"
"230.90718489725623","242.99999999968009"
"231.82864392080808","242.99999999968009"
"231.76301005271296","245.00000000037994"
"235.32982556963339","248.00000000026"
"250.56442523881617","255.9999999999401"
"278.44575756043866","273.00000000004"
"323.5395346159814","289.00000000017997"
"339.86824374930353","294.99999999994"
"336.21811850888326","288.00000000022"
"343.3145387566455","286.0000000003"
"346.3570399156783","286.0000000003"
"338.07835905577076","286.0000000003"
"347.02330995781256","286.0000000003"
"346.171969979393","290.00000000014006"
"345.5749683860047","306.00000000028"
"359.81648550658326","305.00000000032003"
"372.5386743598104","299.99999999974"
"358.9370021699116","290.00000000014006"
"343.9837861671617","282.99999999963995"
"328.4788702157569","273.00000000004"
"315.39662588362893","268.00000000024"
"294.9340081465477","261.9999999997"
"276.59629858808825","250.00000000017997"
"263.3027153904951","249.00000000021998"
"246.9332817212137","246.00000000033992"
"251.21622382672217","246.00000000033992"
"253.01115587710854","247.00000000030002"
"249.69242790777798","249.00000000021998"
"259.9925200689521","256.99999999990007"
"291.02558325808155","271.00000000012"
"330.38362653939373","290.00000000014006"
"348.3300051897411","297.99999999982003"
"343.2584377952344","289.00000000017997"
"341.00313626427726","287.00000000026"
"337.9493613663799","289.00000000017997"
"326.727779686086","289.00000000017997"
"331.52794725431403","287.00000000026"
"334.30461699932937","290.00000000014006"
"331.42819954694676","299.99999999974"
"350.5929404828506","305.00000000032003"
"370.86436043639037","299.99999999974"
"364.3244338318575","289.00000000017997"
"350.1196587091504","282.99999999963995"
"335.95399434320836","274.0"
"322.46173419335383","267.00000000028"
"308.8172217034355","258.99999999982003"
"292.4576083436641","252.00000000010004"
"280.2500675807746","251.00000000014006"
"275.97019177929764","247.00000000030002"
"270.218319497176","247.00000000030002"
"265.9251785351827","247.00000000030002"
"261.4855963524467","249.00000000021998"
"256.5914134264549","257.99999999986005"
"278.3933920028128","274.99999999996"
"306.35215002704473","286.0000000003"
"328.1964563120505","289.00000000017997"
"322.15250051266867","282.99999999963995"
"330.93573023929486","280.99999999972"
"332.7485190286977","279.99999999976"
"328.96686945112526","280.99999999972"
"322.84833442679763","281.99999999967997"
"321.52490311426544","280.99999999972"
"324.1403219068289","281.99999999967997"
"334.82998913431703","284.00000000038"
"344.94013768177166","281.99999999967997"
"337.0031149645892","276.99999999988006"
"322.3456269354568","271.00000000012"
"303.0143301249526","260.99999999974"
"289.018754747045","254.00000000002"
"272.91489738709","248.00000000026"
"255.2354239876638","238.99999999984004"
"253.15446845285305","238.99999999984004"
"241.03170038353187","235.0"
"237.55749109269573","231.00000000015996"
"229.02520793830922","233.00000000007992"
"229.34335953653135","234.0000000000399"
"228.44038378133519","237.99999999987995"
"242.20339434893356","243.99999999964007"
"267.9984036040962","251.00000000014006"
"279.4013202963292","254.00000000002"
"282.55336304690553","251.00000000014006"
"278.91492617664505","249.00000000021998"
"275.7533183620477","248.00000000026"
"264.23420072755937","247.00000000030002"
"265.88311904825355","245.00000000037994"
"264.96745987635893","245.00000000037994"
"264.41249835650683","246.00000000033992"
"279.8460158060016","249.00000000021998"
"300.93189974973427","250.00000000017997"
"290.8462636149949","247.00000000030002"
"280.5750581985239","239.99999999980002"
"275.37594725875874","235.0"
"266.1149218757897","235.0"
"255.80289925964382","230.00000000019998"
"244.0386078795401","218.99999999985994"
"243.72004546149822","180.99999999982003"
"232.45514462584083","141.99999999982003"
"229.18418876427063","126.99999999963995"
"226.71658869426938","96.00000000010004"
"226.92459245732152","96.00000000010004"
"228.23322367556375","91.00000000030002"
"226.48054891582137","104.99999999974"
"228.72721769129134","167.00000000038006"
"244.17773334800518","206.00000000038006"
"244.55958609553898","231.00000000015996"
"243.39495796910796","236.99999999991996"
"242.0889706723152","237.99999999987995"
"237.64411542290725","236.99999999991996"
"236.17963932011526","235.0"
"251.97478367003475","235.0"
"266.0556361315364","235.0"
"284.96858865009756","245.00000000037994"
"306.4642147852041","245.00000000037994"
"273.29955296557307","237.99999999987995"
"257.68258248664097","231.00000000015996"
"237.49059884896212","228.00000000028"
"222.1644459431335","223.99999999965996"
"215.6002708803769","221.99999999974"
"209.4439156273886","206.00000000038006"
"199.36955098711792","145.99999999966008"
"183.57449303327326","98.00000000002001"
"167.25184250348582","58.00000000006003"
"167.24669414294647","35.000000000199975"
"175.7776714558263","33.00000000028001"
"183.68562262420733","40.99999999995998"
"198.14395922228948","41.999999999919964"
"216.77767799360197","94.00000000017997"
"234.36581579895528","101.99999999985994"
"237.45797126021648","125.99999999967997"
"240.88606298288266","170.00000000026"
"239.7951325839614","195.00000000004002"
"235.0122851371525","184.99999999965996"
"231.79822623811947","165.99999999964007"
"234.57355101571272","145.99999999966008"
"240.47021162179738","155.00000000008004"
"252.35934853126685","173.00000000014006"
"254.02002692320275","216.99999999993997"
"241.9597791832282","213.00000000009993"
"235.0158054286835","193.00000000012005"
"225.28304802262608","167.00000000038006"
"211.6307549008268","159.99999999988006"
"200.06782998606172","125.99999999967997"
"180.778340723807","46.99999999971999"
"149.79059660298435","22.999999999899956"
"145.5956092072962","4.999999999840043"
"158.02993217174355","2.9999999999199645"
"170.01854792305824","8.999999999679972"
"184.8731881763556","27.99999999969998"
"195.0466410012492","52.00000000030002"
"210.04201462242838","28.999999999659963"
"224.61033073082444","89.00000000038006"
"234.40650088131758","93.00000000021998"
"241.22729517081336","144.99999999969998"
"246.52623524354578","162.99999999976"
"247.05283924094","174.00000000010004"
"243.28517754476366","169.00000000030002"
"237.19712345930373","171.00000000021998"
"234.72681839038603","178.99999999990007"
"240.18214401547618","204.99999999963995"
"250.42479075625363","219.99999999981992"
"255.92781008868906","216.99999999993997"
"257.8263352853097","204.99999999963995"
"253.6780970718221","177.99999999993997"
"245.7461888013263","159.99999999988006"
"227.1216996623366","152.00000000019998"
"210.7196962392294","130.00000000030002"
"178.2056270866766","95.00000000014006"
"147.30867208232223","126.99999999963995"
"127.06076671257722","95.00000000014006"
"126.53983223152284","82.99999999984004"
"120.30825371765195","86.99999999967997"
"136.05892554549894","116.00000000008004"
"163.9221819697351","152.00000000019998"
"200.17747788188478","194.00000000008004"
"240.8019062923912","212.00000000013995"
"250.29987049224212","220.99999999978002"
"251.29748744966378","230.00000000019998"
"263.0934054575748","233.00000000007992"
"261.1105822494784","234.0000000000399"
"257.07349147416005","235.0"
"265.5065658104246","236.99999999991996"
"269.4586535389244","239.99999999980002"
"285.18016831279016","249.00000000021998"
"303.1431665921483","254.00000000002"
"320.4689053285177","253.00000000006003"
"319.00303024868623","250.00000000017997"
"306.31263736057474","245.00000000037994"
"298.41820387504526","238.99999999984004"
"289.3768466514849","236.99999999991996"
"276.39838400053094","230.00000000019998"
"266.7839634699051","210.00000000021998"
"261.5309259472815","221.99999999974"
"251.2925864686199","213.00000000009993"
"233.6001792396031","206.00000000038006"
"233.1106851294038","204.99999999963995"
"216.73886514968933","215.00000000002"
"215.08661120492866","222.99999999969998"
"225.19834167037448","232.00000000011994"
"243.28269038865744","237.99999999987995"
"252.63707230884347","243.99999999964007"
"254.10572300583442","245.00000000037994"
"254.7176513187627","245.00000000037994"
"256.8673884873582","243.99999999964007"
"260.2925322983482","238.99999999984004"
"260.27516322952965","235.99999999995998"
"260.24176871083614","237.99999999987995"
"262.5075057590865","241.99999999972"
"259.5427022570568","243.99999999964007"
"257.11341390566497","242.99999999968009"
"263.81180988455355","238.99999999984004"
"262.20808655476435","232.00000000011994"
"255.41888593950057","220.99999999978002"
"237.00304182632544","210.00000000021998"
"212.02049436259438","185.99999999961994"
"179.43368663512376","161.99999999980002"
"142.85538861703526","160.99999999984004"
"129.98855364298447","117.00000000004002"
"133.39873813267764","98.00000000002001"
"140.34537083711848","91.00000000030002"
"142.9247027582909","93.00000000021998"
"150.99082733592297","135.00000000009993"
"194.4739908608326","168.00000000034004"
"234.81364584163816","208.00000000030002"
"250.44505532179755","220.99999999978002"
"250.0625661306484","226.00000000035993"
"255.87328571442185","228.00000000028"
"251.26229422039614","228.00000000028"
"248.15986806593958","226.00000000035993"
"258.45665098267193","223.99999999965996"
"260.9555369403437","224.99999999961994"
"260.4138830361726","232.00000000011994"
"254.7176513187627","235.99999999995998"
"257.5188521350469","237.99999999987995"
"273.3977813884713","235.99999999995998"
"272.614101969586","231.00000000015996"
"273.1596440928514","227.00000000032003"
"263.8128175100354","222.99999999969998"
"261.9368552976641","212.00000000013995"
"257.10715435939665","184.99999999965996"
"250.93635753915441","155.00000000008004"
"239.7131594188985","149.00000000031991"
"229.13117395039194","146.99999999962006"
"228.86641908376407","148.00000000035993"
"222.20879024204862","149.00000000031991"
"221.4222232838273","189.00000000028"
"231.3027755359508","229.00000000024"
"245.9236156764033","237.99999999987995"
"254.67404279275252","242.99999999968009"
"255.5597950328089","245.00000000037994"
"262.42058992637544","249.00000000021998"
"261.9773933096084","248.00000000026"
"262.81690204345784","247.00000000030002"
"269.3201152202817","245.00000000037994"
"279.3685195221021","246.00000000033992"
"290.380086416897","254.99999999998"
"304.82673086210815","260.99999999974"
"326.6485619759967","265.00000000036005"
"321.86490470431255","260.99999999974"
"311.35224135333135","254.99999999998"
"298.3611865403932","247.00000000030002"
"288.9051504583242","243.99999999964007"
"286.78792267189897","241.99999999972"
"283.1410533846454","235.0"
"271.8470905696774","247.00000000030002"
"267.9527780874248","229.00000000024"
"270.9174233070396","210.00000000021998"
"270.84964421239243","201.99999999976"
"271.2639071948331","204.99999999963995"
"272.32612144370313","213.00000000009993"
"270.8777632218289","213.00000000009993"
"276.5958044389619","230.00000000019998"
"286.78792267189897","246.00000000033992"
"290.4331019979956","250.00000000017997"
"292.63289430422776","254.99999999998"
"287.36252539932485","255.9999999999401"
"286.6504447518655","256.99999999990007"
"281.50644958990983","256.99999999990007"
"276.82087628374114","258.99999999982003"
"275.37978857650063","278.9999999998"
"288.32631321230446","332.99999999998005"
"293.9449163347052","333.99999999994003"
"273.9135095355488","284.00000000038"
"255.47744697351573","256.99999999990007"
"246.0608225985054","248.00000000026"
"237.07494799842766","245.00000000037994"
"231.58029870353005","240.99999999976"
"239.43281365586165","187.00000000036005"
"240.92562326338066","176.00000000002"
"249.39561173413858","215.99999999998"
"243.89187453269483","212.00000000013995"
"251.11502229675227","206.00000000038006"
"253.32918308791238","206.00000000038006"
"253.4129400252674","193.00000000012005"
"251.201265182891","193.00000000012005"
"256.4089130299102","180.99999999982003"
"259.5881688598163","180.99999999982003"
"265.26152824894643","198.99999999987995"
"261.27516872498177","215.99999999998"
"264.9291452590162","217.99999999989996"
"276.3573751217581","215.99999999998"
"270.2901432462387","216.99999999993997"
"279.21696222161137","222.99999999969998"
"273.45218592237217","231.00000000015996"
"286.5229256299288","245.00000000037994"
"289.5932336930893","251.00000000014006"
"284.3824618956316","246.00000000033992"
"268.4671675968359","230.00000000019998"
"258.4375791843106","217.99999999989996"
"249.12585594227767","209.00000000026"
"239.9462627201001","182.99999999974"
"248.22880804084684","218.99999999985994"
"241.62338965653942","213.00000000009993"
"234.2513776436076","206.00000000038006"
"236.44904134832757","207.00000000034004"
"249.79746416996704","215.00000000002"
"259.9588726038993","212.00000000013995"
"267.00592439853847","208.00000000030002"
"288.259875530687","285.00000000034004"
"293.3785443168351","286.0000000003"
"311.09457794702325","281.99999999967997"
"315.3807714421802","289.00000000017997"
"311.0745812163033","300.9999999997"
"300.4417124218952","260.99999999974"
"306.5534659063651","263.99999999962006"
"323.84832316818245","269.00000000020003"
"323.61670816703116","278.9999999998"
"319.7017829732069","279.99999999976"
"303.0914308099723","281.99999999967997"
"315.36558312725316","266.00000000032003"
"311.4550039633637","259.99999999978"
"292.95650986324665","253.00000000006003"
"281.51402084316777","248.00000000026"
"279.10096061565895","237.99999999987995"
"271.4624477623333","218.99999999985994"
"274.3862621145444","215.99999999998"
"259.8311115475407","190.00000000024"
"251.65109578480497","161.99999999980002"
"256.17886276322554","146.99999999962006"
"257.4553709594783","141.99999999982003"
"264.5893608239362","180.99999999982003"
"265.49658666310347","247.00000000030002"
"293.5916486637329","274.99999999996"
"264.4574713417179","250.00000000017997"
"251.48511339762888","249.00000000021998"
"249.78004473666158","249.00000000021998"
"256.67548489846695","248.00000000026"
"255.82586001164066","248.00000000026"
"257.96281467563733","249.00000000021998"
"263.2002970209436","249.00000000021998"
"260.85904931904554","251.00000000014006"
"254.0965203507551","252.00000000010004"
"253.97086512191572","251.00000000014006"
"258.07904377980856","250.00000000017997"
"259.18224364731634","246.00000000033992"
"256.7777184832348","251.00000000014006"
"247.82669606825846","215.00000000002"
"244.46362195179427","215.00000000002"
"235.9273085845582","118.99999999995998"
"208.22917225439107","38.00000000007992"
"165.24728862824134","1.0"
"199.75963300870228","1.0"
"240.6254705341836","74.00000000020009"
"248.48707726600435","81.99999999988006"
"253.79058872222606","154.00000000012005"
"257.61873918285903","294.99999999994"
"257.64206534858965","245.00000000037994"
"255.63183853526903","243.99999999964007"
"258.35084623188595","247.00000000030002"
"256.6983218524032","247.00000000030002"
"257.4898615278846","246.00000000033992"
"256.1614640397273","246.00000000033992"
"256.5043797769182","248.00000000026"
"255.27672650666045","249.00000000021998"
"261.8044414969452","252.00000000010004"
"255.15426193771975","252.00000000010004"
"251.4550823325991","251.00000000014006"
"258.2928151168777","247.00000000030002"
"252.3301286257257","241.99999999972"
"246.39957549687006","234.0000000000399"
"247.52503353122756","227.00000000032003"
"251.31781822567018","201.99999999976"
"255.8917913261604","52.00000000030002"
"260.86929315709983","125.99999999967997"
"246.68721745296523","265.00000000036005"
"291.3109352101194","260.99999999974"
"310.1236735063694","261.9999999997"
"331.9281766762931","265.00000000036005"
"327.2051784363548","265.00000000036005"
"307.3375598431012","260.99999999974"
"283.82221270671926","258.99999999982003"
"248.3423985553419","261.9999999997"
"248.8303785588173","269.00000000020003"
"247.4225612906896","278.9999999998"
"250.8264267713223","285.00000000034004"
"270.0697510185991","259.99999999978"
"286.93072450591285","252.00000000010004"
"284.7284262715674","246.00000000033992"
"280.070686783463","232.00000000011994"
"283.45660901048564","219.99999999981992"
"276.3069394894619","140.99999999985994"
"255.0276328573292","214.00000000006003"
"260.3072984816023","156.00000000004002"
"253.33442300079082","118.99999999995998"
"251.64938638792398","121.99999999983993"
"253.2764171466804","154.00000000012005"
"259.1449219531262","159.99999999988006"
"267.13581769986183","174.00000000010004"
"291.63827580292536","271.00000000012"
"312.9385003000194","290.00000000014006"
"307.3161758568095","288.00000000022"
"311.8544474833921","291.00000000010004"
"306.75479219788036","332.00000000002007"
"301.4070417595417","300.9999999997"
"296.5630460521982","274.99999999996"
"306.32942835137544","259.99999999978"
"295.91750942604915","263.99999999962006"
"322.1922203465467","328.00000000018"
"341.59072514678013","390.00000000004"
"340.11121209927126","364.00000000029996"
"314.4789767295315","332.00000000002007"
"285.3164086233162","254.99999999998"
"262.20721657032516","249.00000000021998"
"259.64619795887813","240.99999999976"
"252.92838313133677","233.00000000007992"
"259.2987222252009","245.00000000037994"
"266.3874632746997","228.00000000028"
"264.7891850805984","210.00000000021998"
"247.9231711376442","149.00000000031991"
"249.13580018121104","133.00000000017997"
"253.5013437270162","112.00000000024"
"248.54785556664217","204.99999999963995"
"253.97212208535677","198.99999999987995"
"283.2858007531389","259.99999999978"
"281.895893839806","248.00000000026"
"281.0152275845506","250.00000000017997"
"276.0304426665822","249.00000000021998"
"283.1024209103332","247.00000000030002"
"275.12679853574826","242.99999999968009"
"275.5428140788701","246.00000000033992"
"286.7232269293216","247.00000000030002"
"305.1028093826372","254.00000000002"
"310.97527272859867","274.0"
"311.47350976201295","265.00000000036005"
"302.26954126451335","254.99999999998"
"291.02895966356914","253.00000000006003"
"275.98727424063134","235.0"
"276.6345308846096","234.0000000000399"
"271.39115872608863","216.99999999993997"
"253.51091682957997","201.99999999976"
"249.6637504706407","1.0"
"242.08132366967925","37.00000000011994"
"245.78504508996946","74.00000000020009"
"257.87541786726285","194.00000000008004"
"257.70231312874387","210.00000000021998"
"259.38510412441883","213.00000000009993"
"253.5682183889843","219.99999999981992"
"253.9685817563702","197.99999999991996"
"263.8993068738289","251.00000000014006"
"273.71372695794537","282.99999999963995"
"271.4177955754369","260.99999999974"
"276.305762959417","259.99999999978"
"262.60644531466596","247.00000000030002"
"269.45099213649434","247.00000000030002"
"282.0095138451593","277.99999999984004"
"305.996211659985","341.99999999962"
"308.1275478439759","404.00000000026"
"308.77255456747935","409.00000000005997"
"292.2670807691461","346.00000000024005"
"281.5547908288375","296.99999999985994"
"283.293230882317","279.99999999976"
"278.18957744802987","253.00000000006003"
"276.02644349066486","259.99999999978"
"270.98570981029485","248.00000000026"
"272.59874481375806","242.99999999968009"
"268.13966510562784","240.99999999976"
"267.39637964955784","241.99999999972"
"279.5500168651973","269.00000000020003"
"294.50499346097547","319.99999999972005"
"344.347289819316","438.99999999964"
"379.786323024578","479.00000000038"
"368.607554200765","435.99999999976"
"368.99379247880586","418.99999999966"
"367.9679250265016","415.99999999978"
"363.54135842783967","413.99999999986"
"364.56908411105445","407.00000000014"
"369.906469184282","389.00000000008004"
"367.67900234711215","376.99999999978"
"383.48114468181507","385.00000000024"
"377.01340402853333","424.00000000024"
"388.87429496439813","454.99999999978"
"378.0849461603072","390.00000000004"
"339.302985295485","299.99999999974"
"291.6895129015466","269.00000000020003"
"268.09178574968655","250.00000000017997"
"287.91149806423635","241.99999999972"
"275.34179532615497","235.99999999995998"
"289.56951178874493","231.00000000015996"
"271.14239393450936","228.00000000028"
"265.70021559182624","209.00000000026"
"278.94124583559517","227.00000000032003"
"297.12972523126626","251.00000000014006"
"332.54234967400623","295.99999999989996"
"362.6439868366069","356.99999999979997"
"372.76447245581994","393.99999999988"
"359.2647463584806","380.99999999961994"
"355.6514300968298","378.9999999997"
"348.57161929581923","393.99999999988"
"354.953781674603","388.00000000012005"
"364.9639207601275","393.99999999988"
"358.54075791083847","387.00000000015996"
"353.4368846746199","386.0000000002"
"347.9234212289632","409.00000000005997"
"363.85775422705984","454.99999999978"
"360.436781420966","453.99999999982"
"328.8993554656937","304.00000000036005"
"300.00664350832835","267.00000000028"
"294.4983845264223","258.99999999982003"
"300.1498062016662","246.00000000033992"
"272.83474733229417","237.99999999987995"
"267.5763526636896","229.00000000024"
"264.19131318355574","228.00000000028"
"264.49238158689457","226.00000000035993"
"260.4199681177047","218.99999999985994"
"263.54155339698093","223.99999999965996"
"268.64199706265276","242.99999999968009"
"311.307289962686","254.00000000002"
"316.25679457765773","278.9999999998"
"329.9265553672297","310.00000000011994"
"351.41793906453483","294.99999999994"
"327.59817019434666","282.99999999963995"
"316.9466502321984","292.00000000006"
"305.1028093826372","296.99999999985994"
"323.2305875800014","299.99999999974"
"319.1557215592554","299.99999999974"
"322.15314822460033","315.99999999988"
"325.70621835484195","339.99999999970004"
"334.60405186479835","351.00000000003996"
"322.15250051266867","307.00000000024"
"309.41063091201454","280.99999999972"
"296.8942056596945","262.9999999996601"
"299.60863904595493","254.00000000002"
"274.1360593716668","243.99999999964007"
"258.87915597721553","234.0000000000399"
"248.09993299688495","233.00000000007992"
"249.024280910259","228.00000000028"
"251.2869154463865","219.99999999981992"
"254.36695789862085","215.00000000002"
"254.65781069457364","216.99999999993997"
"254.45525569164352","237.99999999987995"
"257.1193279522504","250.00000000017997"
"258.1413693210602","256.99999999990007"
"262.9267903334186","262.9999999996601"
"262.89534363736595","256.99999999990007"
"259.24306941827183","256.99999999990007"
"262.4879509615496","255.9999999999401"
"262.34538880246555","255.9999999999401"
"262.51181128303324","256.99999999990007"
"264.3557405695567","256.99999999990007"
"259.7316586103942","255.9999999999401"
"255.98663234054482","257.99999999986005"
"265.27402920775205","266.00000000032003"
"254.89824985756127","262.9999999996601"
"251.26200107351747","256.99999999990007"
"248.67088176309517","254.00000000002"
"249.14770374275543","251.00000000014006"
"247.22986147455526","246.00000000033992"
"246.679668715429","233.00000000007992"
"250.79674088205638","181.99999999978002"
"255.67865373812606","137.99999999998"
"251.64286165272472","121.99999999983993"
"253.19663475710706","121.99999999983993"
"255.16137403999392","137.00000000002"
"251.63261445737487","192.00000000015996"
"248.361803925873","250.00000000017997"
"255.82040191583405","278.9999999998"
"259.50483691346903","282.99999999963995"
"269.7338383280601","266.00000000032003"
"275.34179532615497","255.9999999999401"
"279.22006366202623","253.00000000006003"
"268.0321691037425","252.00000000010004"
"259.314665829468","251.00000000014006"
"251.29391415995428","250.00000000017997"
"255.17095703744417","250.00000000017997"
"251.94399464416756","252.00000000010004"
"274.6837473697368","263.99999999962006"
"268.0962084394298","259.99999999978"
"277.4196302438332","251.00000000014006"
"272.023915503463","246.00000000033992"
"278.77838949589193","245.00000000037994"
"278.98022422665207","237.99999999987995"
"280.103401622933","222.99999999969998"
"266.19053089908084","223.99999999965996"
"263.49505933490104","213.00000000009993"
"256.57665922941567","208.00000000030002"
"252.62074357384085","215.99999999998"
"254.31199661684036","218.99999999985994"
"259.37894068948265","229.00000000024"
"268.57193964698627","232.00000000011994"
"289.77764906841276","238.99999999984004"
"286.9134986322391","243.99999999964007"
"287.72851541922125","248.00000000026"
"296.4475207274105","257.99999999986005"
"290.7373129299254","262.9999999996601"
"283.8989780203174","262.9999999996601"
"278.74082053562813","252.00000000010004"
"277.1848449095816","252.00000000010004"
"283.91625629577436","261.9999999997"
"295.447356412373","287.00000000026"
"307.82657179531134","308.0000000002"
"304.2307744745583","292.00000000006"
"299.2554989649337","269.00000000020003"
"294.88214154448013","258.99999999982003"
"287.27732309478625","254.99999999998"
"281.7496990918085","254.00000000002"
"276.6898587961922","251.00000000014006"
"271.5501302680408","254.00000000002"
"274.4634750713295","251.00000000014006"
"274.64240160048126","250.00000000017997"
"274.12014837982906","249.00000000021998"
"275.47628058453796","242.99999999968009"
"272.8064404228455","249.00000000021998"
"272.51291180403086","246.00000000033992"
"280.9606523348007","252.00000000010004"
"279.6959072432736","254.00000000002"
"280.25804691783935","259.99999999978"
"283.150699446283","269.00000000020003"
"285.7606049296332","272.00000000008"
"279.6259522726675","272.00000000008"
"278.09574459685484","268.00000000024"
"281.62136854282045","273.00000000004"
"283.7184414154032","285.00000000034004"
"291.8227371343346","293.99999999998"
"304.79260027549805","347.00000000020003"
"316.18770153130953","343.00000000036"
"317.41877771687984","299.99999999974"
"290.3668539954903","292.00000000006"
"284.9161804053971","293.00000000002"
"276.8443046248204","266.00000000032003"
"264.20738744435596","255.9999999999401"
"259.90440584659177","253.00000000006003"
"259.029383763973","250.00000000017997"
"257.6254697011907","248.00000000026"
"257.5912647700278","250.00000000017997"
"257.2179362021586","249.00000000021998"
"272.2037597926634","268.00000000024"
"303.9335476900777","313.99999999996"
"337.3667370485254","430.99999999996"
"354.12805182135895","451.99999999989996"
"345.9779839857026","355.99999999984"
"338.3828540964546","337.99999999977996"
"345.27797893641724","359.99999999967997"
"337.0102240463822","394.99999999984"
"348.6502352513765","386.0000000002"
"344.96822089497385","365.00000000025994"
"353.45031944436386","371.00000000002"
"359.27399478830273","390.00000000004"
"386.364583758278","447.0000000001"
"379.18568509122304","352.99999999996004"
"325.70621835484195","318.99999999976"
"306.27948222719755","296.99999999985994"
"278.3326228258343","279.99999999976"
"272.35631536429304","260.99999999974"
"264.1244724084397","254.99999999998"
"261.3631178244618","254.99999999998"
"260.0273132271341","251.00000000014006"
"264.4965091604404","249.00000000021998"
"263.71582757750616","251.00000000014006"
"264.41372544752153","255.9999999999401"
"279.0050157243441","297.99999999982003"
"322.75851210592555","346.00000000024005"
"345.29502218264184","426.00000000016"
"386.25619447933093","440.00000000038"
"394.71690557619155","393.99999999988"
"385.02094669636614","366.00000000022"
"372.17805639201634","371.00000000002"
"368.55726897485823","388.00000000012005"
"375.1177250822246","380.99999999961994"
"374.13826019422714","371.00000000002"
"375.0684881226537","372.99999999994"
"378.1923033476973","397.99999999972"
"397.53559490129516","456.9999999997"
"403.1167633347495","433.99999999984"
"388.2774104729104","341.99999999962"
"338.606015202561","330.0000000001"
"325.3911145075991","284.00000000038"
"307.88236321281664","269.00000000020003"
"303.56118651829314","254.99999999998"
"259.8471689103335","253.00000000006003"
"259.8921596669396","250.00000000017997"
"252.6776586400739","247.00000000030002"
"257.2066964536573","248.00000000026"
"261.82797755675494","253.00000000006003"
"283.4368211614112","295.99999999989996"
"295.43800158349205","326.00000000026"
"334.4427452115096","384.00000000028"
"363.27453294378824","388.00000000012005"
"339.86229583644376","327.00000000022"
"308.76793356266336","321.99999999964"
"326.02143239689065","321.99999999964"
"332.2228211452226","320.99999999968"
"318.05601761322526","305.00000000032003"
"328.1035470822222","308.0000000002"
"299.55002131137877","305.00000000032003"
"333.14248467876615","316.99999999984"
"358.7906380500498","325.0000000003"
"308.50375038784944","297.99999999982003"
"318.0728747417791","276.99999999988006"
"289.0301975155701","262.9999999996601"
"266.4693163436157","259.99999999978"
"260.53978209279546","254.00000000002"
"257.84873347147175","245.00000000037994"
"255.55611681453854","235.99999999995998"
"247.01188576669927","230.00000000019998"
"251.00835520783153","231.00000000015996"
"260.8082461767415","233.00000000007992"
"274.47386897410104","240.99999999976"
"278.71493084355757","251.00000000014006"
"289.4316215137655","277.99999999984004"
"319.39026939385127","299.99999999974"
"341.12550929292667","314.99999999992"
"315.0011537015764","297.99999999982003"
"325.11299972520874","288.00000000022"
"316.0553004238135","299.99999999974"
"298.27573376176855","306.00000000028"
"299.55239690437327","299.99999999974"
"292.3555860324245","290.00000000014006"
"316.2927222765747","292.00000000006"
"315.57855968930835","313.99999999996"
"361.27226189586725","331.00000000005997"
"305.1882294445179","304.00000000036005"
"318.7413919037214","278.9999999998"
"312.8919279898204","272.00000000008"
"310.53083796133825","267.00000000028"
"284.7939168116578","255.9999999999401"
"274.22455861041175","251.00000000014006"
"263.1084094402793","235.99999999995998"
"252.77281459296012","235.0"
"250.42586049626834","224.99999999961994"
"247.34829082844533","223.99999999965996"
"256.1382015665836","233.00000000007992"
"261.3476078619832","233.00000000007992"
"292.77801833802266","292.00000000006"
"341.15315589647133","340.99999999966"
"350.0666821453754","371.00000000002"
"344.20045410329254","340.99999999966"
"337.5668857027711","330.0000000001"
"343.9370376522476","335.99999999986"
"342.92323222400347","333.99999999994003"
"328.76378057850746","313.99999999996"
"320.9164127270215","305.00000000032003"
"330.7573891470022","318.99999999976"
"347.2058732765285","334.9999999999"
"359.5359326147611","372.99999999994"
"347.190837732975","333.99999999994003"
"326.0696779981208","292.00000000006"
"300.7789296312195","271.00000000012"
"278.44844270236223","271.00000000012"
"280.10586948865944","261.9999999997"
"278.43103324772915","255.9999999999401"
"278.57198547880716","254.99999999998"
"272.9937101142575","252.00000000010004"
"275.6111040490906","250.00000000017997"
"274.2059097994801","249.00000000021998"
"263.16704328947264","246.00000000033992"
"266.6734396961742","246.00000000033992"
"263.29651293166603","246.00000000033992"
"247.69042953506437","252.00000000010004"
"247.2843605853949","253.00000000006003"
"254.27820935657633","255.9999999999401"
"277.2782739257557","256.99999999990007"
"268.31255723424033","256.99999999990007"
"286.1328151960193","254.99999999998"
"281.84865590986544","251.00000000014006"
"304.43603109286954","248.00000000026"
"309.52064127581417","247.00000000030002"
"294.0824153580181","255.9999999999401"
"292.9722885782041","273.00000000004"
"292.7937141752369","268.00000000024"
"296.18978669785866","255.9999999999401"
"296.16397373486916","252.00000000010004"
"288.2141332670169","246.00000000033992"
"281.9441783546165","242.99999999968009"
"262.09041611797","228.00000000028"
"259.9122417391691","220.99999999978002"
"256.3785417277534","207.00000000034004"
"267.70901715775665","197.99999999991996"
"252.5798436683134","196.0"
"252.4636497553995","196.0"
"263.40169920741494","203.99999999967997"
"261.99659294542334","213.00000000009993"
"262.55164614406885","215.99999999998"
"249.63680102636386","221.99999999974"
"243.5869912688487","230.00000000019998"
"250.03505768122636","235.0"
"249.0931196882475","236.99999999991996"
"244.18216345101303","236.99999999991996"
"253.78098108147003","235.0"
"250.74565632644124","235.99999999995998"
"258.1568055190188","240.99999999976"
"251.1687048978198","222.99999999969998"
"275.1104508640204","296.99999999985994"
"279.45838297582213","291.00000000010004"
"282.41701601125334","275.99999999991996"
"276.7450206077192","263.99999999962006"
"279.251916421306","255.9999999999401"
"276.6892521034518","253.00000000006003"
"276.5958044389619","247.00000000030002"
"276.4825447358873","237.99999999987995"
"272.1718577855499","233.00000000007992"
"268.61161551957036","230.00000000019998"
"267.8129813103675","226.00000000035993"
"274.00218470131466","235.0"
"285.6326064153757","235.0"
"304.4653109578743","306.00000000028"
"360.0365766568604","387.00000000015996"
"351.5995305158317","409.00000000005997"
"346.95108093632984","378.9999999997"
"345.040051267926","376.99999999978"
"338.8967940878972","383.00000000032003"
"337.7149110759779","371.99999999998"
"344.28462844219547","355.99999999984"
"350.7849560202762","348.00000000016"
"361.17660987953184","334.9999999999"
"365.61659781616106","352.99999999996004"
"388.2291870341099","409.00000000005997"
"391.3246322258794","448.00000000005997"
"370.1687318943188","386.0000000002"
"346.0549670904621","321.99999999964"
"298.3233542393432","300.9999999997"
"281.1165004399784","275.99999999991996"
"282.4695918805878","265.00000000036005"
"272.77787979707125","260.99999999974"
"275.6111040490906","254.00000000002"
"281.52722182799647","254.99999999998"
"283.8989780203174","255.9999999999401"
"290.85869966984416","260.99999999974"
"307.33220720846526","277.99999999984004"
"323.7248920808017","312.00000000004"
"395.4600786497737","409.00000000005997"
"410.04980861264613","408.0000000001"
"400.56565124134147","415.99999999978"
"397.8566679107279","403.0000000003"
"398.0000681237237","401.00000000038"
"396.56243334616727","392.99999999992"
"394.9719891690819","389.00000000008004"
"393.27637083342177","380.99999999961994"
"382.69968130210657","378.9999999997"
"386.99687333371963","410.00000000001995"
"399.19136270060085","480.00000000034004"
"405.57012491254363","497.99999999962"
"394.635860442571","409.00000000005997"
"367.8068515304979","314.99999999992"
"327.63981796569846","313.99999999996"
"310.92297802988577","277.99999999984004"
"304.97598129626533","269.00000000020003"
"306.7841459668062","270.00000000016"
"316.5755163930449","265.00000000036005"
"312.742585324586","263.99999999962006"
"317.9397347328262","265.00000000036005"
"326.0016710098564","274.99999999996"
"316.44614746637797","287.00000000026"
"362.078433373707","320.99999999968"
"408.88827271974384","430.99999999996"
"407.6776987785777","430.99999999996"
"407.368637355132","409.00000000005997"
"400.60611592928564","383.00000000032003"
"398.9063033888846","372.99999999994"
"400.9057807040918","352.99999999996004"
"400.35678328066166","339.99999999970004"
"404.1034284853728","334.9999999999"
"402.2614893173068","334.9999999999"
"400.3686507666779","346.00000000024005"
"420.8101647476732","430.99999999996"
"418.2712229574449","325.0000000003"
"411.8539006354484","319.99999999972005"
"366.3062145896628","304.00000000036005"
"323.249034839969","278.9999999998"
"307.8504491368883","269.00000000020003"
"300.25084281662583","257.99999999986005"
"279.75849363351944","261.9999999997"
"279.2985455805993","259.99999999978"
"297.85484595422224","256.99999999990007"
"269.7913754908657","250.00000000017997"
"273.94240432669505","252.00000000010004"
"284.57798722898343","265.00000000036005"
"276.04014707397397","273.00000000004"
"299.13413718793174","274.99999999996"
"321.13774438513497","326.00000000026"
"283.358622346668","328.00000000018"
"276.8904509274437","323.00000000038"
"280.0763214972198","291.00000000010004"
"264.2850954127896","279.99999999976"
"271.1764167073402","278.9999999998"
"275.78954128527494","276.99999999988006"
"267.41003070845227","274.0"
"266.4897267445922","274.99999999996"
"267.61747539726207","271.00000000012"
"274.9758884696923","276.99999999988006"
"282.4052975490903","271.00000000012"
"270.564524383407","271.00000000012"
"276.17002174590516","265.00000000036005"
"258.9587715403061","258.99999999982003"
"252.51193683476527","250.00000000017997"
"248.86502023042976","247.00000000030002"
"247.4103397687535","245.00000000037994"
"246.4286292546019","243.99999999964007"
"246.44222043687955","246.00000000033992"
"247.91584320865365","254.99999999998"
"257.3492752182826","262.9999999996601"
"253.18911686912077","276.99999999988006"
"326.2555250737212","386.0000000002"
"316.3570798791876","415.99999999978"
"332.8374112255244","437.99999999967997"
"337.86439217633347","409.00000000005997"
"336.7050751571688","409.00000000005997"
"331.38709203530294","422.00000000032"
"338.7577231926436","376.99999999978"
"304.5194154974836","354.99999999988"
"317.7143904556522","336.99999999982"
"334.20797250074787","341.99999999962"
"356.98209309283743","442.0000000003"
"360.16218778281905","483.00000000022004"
"354.9044020398744","374.99999999986005"
"318.82714265242157","286.0000000003"
"297.54986540612896","279.99999999976"
"301.35162540699224","273.00000000004"
"286.84862751884145","269.00000000020003"
"297.04068833196976","268.00000000024"
"304.2221385189984","262.9999999996601"
"292.33790051905214","261.9999999997"
"274.7236016675118","262.9999999996601"
"278.25349934442403","263.99999999962006"
"279.4880502195894","267.00000000028"
"283.3245507652582","271.00000000012"
"280.3155308602813","274.99999999996"
"296.1334199599981","275.99999999991996"
"296.27549723610224","282.99999999963995"
"303.53508602492326","291.00000000010004"
"296.9874814707597","290.00000000014006"
"297.51948545704056","285.00000000034004"
"294.94055383919505","284.00000000038"
"294.275400643982","282.99999999963995"
"296.07671188508453","288.00000000022"
"301.3211710690489","319.99999999972005"
"322.11197083764563","395.99999999979997"
"318.93938258577793","449.00000000002"
"305.7601264209287","314.99999999992"
"305.4089248203299","286.0000000003"
"299.3213326513015","281.99999999967997"
"287.1769129806731","278.9999999998"
"275.4395718337458","274.99999999996"
"279.85809001271076","273.00000000004"
"286.66674982669997","269.00000000020003"
"280.58644078122506","266.00000000032003"
"278.057148746207","259.99999999978"
"281.09651953907445","249.00000000021998"
"280.6501225334816","248.00000000026"
"278.4343364974641","251.00000000014006"
"276.3069394894619","260.99999999974"
"283.92789744325376","267.00000000028"
