"actual","ideal"
"292.8863583599055","278.9999999998"
"301.4155782774652","276.99999999988006"
"292.34920096210726","274.0"
"297.7704466908058","272.00000000008"
"298.8587482549929","272.00000000008"
"292.25818914175755","273.00000000004"
"310.6888310140149","281.99999999967997"
"324.20214849424735","293.99999999998"
"338.3905568745979","289.00000000017997"
"338.47490095496795","284.00000000038"
"335.1604987248609","275.99999999991996"
"301.73577333490067","272.00000000008"
"322.520791229603","267.00000000028"
"318.88917609651935","260.99999999974"
"304.9383625684568","259.99999999978"
"307.87833007232456","254.00000000002"
"297.5517889710796","241.99999999972"
"278.6817175705387","237.99999999987995"
"284.05064100850973","243.99999999964007"
"307.87833007232456","238.99999999984004"
"326.29159022538164","292.00000000006"
"367.79644166592203","371.00000000002"
"394.2915623870847","421.00000000036"
"383.707490033612","394.99999999984"
"349.84733833347497","363.00000000034"
"329.6453994191943","336.99999999982"
"319.5065875450584","334.9999999999"
"331.03289453995296","333.99999999994003"
"335.94208030751037","328.00000000018"
"307.09268920430634","323.00000000038"
"340.46027985228346","333.99999999994003"
"358.40332121048533","410.00000000001995"
"338.62679752883264","351.99999999999994"
"343.1324175028313","334.9999999999"
"332.134309502756","289.00000000017997"
"321.8331264613229","278.9999999998"
"317.98284871902365","268.00000000024"
"320.7775963552819","262.9999999996601"
"310.4132906046011","271.00000000012"
"311.5198387287114","269.00000000020003"
"307.8642658835823","271.00000000012"
"313.9347972759763","273.00000000004"
"328.13853645789385","274.99999999996"
"321.1434142315081","279.99999999976"
"330.4913004688269","327.00000000022"
"389.20806971432654","409.00000000005997"
"387.4918640248147","451.99999999989996"
"366.9209427775703","452.99999999986"
"384.92793811841017","393.99999999988"
"359.57732281466207","335.99999999986"
"351.38286313377006","332.99999999998005"
"360.860100715684","332.99999999998005"
"363.80940464044977","327.00000000022"
"347.884203917214","327.00000000022"
"377.6024532264406","335.99999999986"
"389.0842437989628","433.99999999984"
"397.40489753676025","527.00000000002"
"394.8463494625011","423.00000000028"
"375.99689182125684","371.00000000002"
"342.1929064078056","327.00000000022"
"314.71809457073533","296.99999999985994"
"308.0730191358223","282.99999999963995"
"307.2711562787584","292.00000000006"
"312.66142867196237","288.00000000022"
"311.7632054326625","286.0000000003"
"312.00167217270945","288.00000000022"
"318.86959140427996","296.99999999985994"
"334.12708417282886","323.00000000038"
"361.2407638816677","334.9999999999"
"386.2321461163656","416.99999999974"
"399.84593646283565","444.00000000022"
"382.55039005569193","454.99999999978"
"383.1242869762153","463.00000000024"
"367.70460190233393","441.00000000034004"
"366.135278532824","434.9999999998"
"365.6164266021156","408.0000000001"
"365.74595315424057","377.99999999974"
"371.3657877335853","366.00000000022"
"376.68321959719566","364.00000000029996"
"391.45318924491625","424.00000000024"
"395.1890097561493","586.99999999996"
"398.40788075583004","423.00000000028"
"386.530699857169","383.00000000032003"
"366.97351301551726","356.99999999979997"
"370.84243574015846","339.99999999970004"
"329.57393561898044","311.00000000008004"
"302.1888379352998","312.00000000004"
"305.7590310767138","299.99999999974"
"305.7114044216852","295.99999999989996"
"304.68754915740817","299.99999999974"
"312.0819511332905","311.00000000008004"
"335.2079833015091","323.00000000038"
"344.5342592369713","353.99999999992"
"374.77415054004433","584.00000000008"
"353.69240472568","747.999999999994"
"355.9041293505067","543.0000000001601"
"346.78319868198076","543.0000000001601"
"355.86501366622883","542.0000000002"
"359.42717167787976","483.00000000022004"
"390.1004866740321","438.99999999964"
"390.3276737642357","416.99999999974"
"366.5387254699127","423.00000000028"
"379.0547969524218","409.00000000005997"
"424.0529020895702","557.0000000003799"
"444.09198707578383","892.00000000024"
"452.40998458469903","743.000000000038"
"411.97361948653696","491.99999999986"
"392.2624752415933","417.99999999970004"
"367.5852674147001","368.00000000014"
"361.7315586040699","327.00000000022"
"364.04456694389756","340.99999999966"
"336.4710963010681","326.00000000026"
"309.1914897195949","313.0"
"310.35313018701015","315.99999999988"
"309.3784319434234","318.99999999976"
"337.78670819061193","318.99999999976"
"363.0537608350561","386.0000000002"
"417.2985684153168","652.99999999966"
"426.068540968919","792.000000000028"
"405.85551711350644","638.00000000026"
"457.42170238658815","593.99999999968"
"436.5109052824935","629.9999999998"
"427.1703426143066","503.0000000002"
"435.15451184279357","432.99999999988"
"459.65779512908745","404.00000000026"
"456.6134344165544","402.00000000034"
"452.73632887424856","433.99999999984"
"465.6906720329873","694.00000000036"
"477.1771455488765","827.999999999992"
"495.7088031073934","559.0000000003"
"425.1532191338142","430.99999999996"
"412.6330248515927","376.99999999978"
"406.8978343920036","393.99999999988"
"420.966814098352","329.00000000014"
"399.8336935839061","376.99999999978"
"367.6445115033941","341.99999999962"
"374.2303442902557","331.00000000005997"
"373.3186943721334","335.99999999986"
"371.7744561861691","339.99999999970004"
"359.97442668311095","328.00000000018"
"345.456571024976","316.99999999984"
"358.2214180853369","329.00000000014"
"413.8248113543465","347.00000000020003"
"470.32451373933077","393.99999999988"
"524.4024861131884","412.9999999999"
"465.76907423770035","380.99999999961994"
"426.95216311182253","357.99999999976"
"427.48929383434427","335.99999999986"
"394.30935691331405","329.00000000014"
"399.0176249174586","333.99999999994003"
"408.1568383702114","377.99999999974"
"516.585909546169","508.0"
"507.133416862293","769.000000000012"
"503.42925031540557","499.00000000036"
"462.6293204542167","386.0000000002"
"471.25276976977085","355.99999999984"
"447.99633858962505","351.99999999999994"
"415.22681884568243","323.00000000038"
"392.1688057952627","329.00000000014"
"368.7089269965387","318.99999999976"
"327.1090709678655","307.00000000024"
"330.12494924889336","306.00000000028"
"319.982286855088","307.00000000024"
"313.0011264639806","301.99999999965996"
"313.0011264639806","300.9999999997"
"323.51777952688275","301.99999999965996"
"321.9662986922802","301.99999999965996"
"357.9502865107473","320.99999999968"
"377.57560655466","317.99999999979997"
"359.06937945066295","317.99999999979997"
"317.8015409132854","306.00000000028"
"317.6068487176283","292.00000000006"
"331.91287871352","291.00000000010004"
"350.69708902727564","309.00000000015996"
"390.14390181612583","321.99999999964"
"452.25720157430493","386.0000000002"
"458.9291520191899","437.99999999967997"
"456.27761337256464","392.99999999992"
"449.49388393346436","338.99999999973994"
"407.662145230675","334.9999999999"
"397.46316836495714","326.00000000026"
"345.13751778337314","317.99999999979997"
"314.4036616554348","306.00000000028"
"322.87700974167603","304.00000000036005"
"320.6571430161966","302.99999999962"
"322.7027784518219","298.99999999978"
"342.88946208414745","314.99999999992"
"375.96815793887026","317.99999999979997"
"447.3446757825512","430.99999999996"
"469.4452437938305","745.999999999996"
"458.6328506899315","892.00000000024"
"444.48573663528424","806.999999999974"
"469.1935029709154","755.000000000026"
"511.6399813370687","676.0000000003"
"525.76187555965","593.99999999968"
"579.4571223571805","591.99999999976"
"609.0907602904855","548.99999999992"
"623.407736623993","547.99999999996"
"626.9241691909275","631.99999999972"
"582.5796998450977","786.0000000000028"
"593.0320921638779","1061.99999999968"
"610.3328837751021","928.00000000036"
"507.24209911919365","493.99999999977996"
"455.007036661803","392.99999999992"
"419.2801329347244","334.9999999999"
"362.23331742808983","317.99999999979997"
"360.04104629305397","323.00000000038"
"346.2810576968017","319.99999999972005"
"341.4717857229796","319.99999999972005"
"346.0963693967232","323.00000000038"
"360.6743621223915","334.9999999999"
"363.43529075526163","350.00000000008"
"397.2494689031295","496.99999999965996"
"641.5159459606784","892.00000000024"
"690.408330761736","892.00000000024"
"676.1500501636218","855.000000000004"
"585.250310220169","736.999999999966"
"563.4401708948176","712.99999999999"
"529.8392922351723","712.99999999999"
"504.0650118590774","625.99999999996"
"490.67758152717016","520.0000000003"
"482.1063011265634","506.00000000008"
"503.28341718348094","541.00000000024"
"544.7971171422722","743.000000000038"
"556.3284361199017","929.00000000032"
"547.9827890382641","743.999999999998"
"517.3001645560894","631.99999999972"
"429.98594207427413","398.99999999967997"
"406.75600261737895","334.9999999999"
"385.27140109206385","315.99999999988"
"358.48389053797104","323.00000000038"
"353.03246056947063","318.99999999976"
"319.63491972424896","315.99999999988"
"348.77552074716345","316.99999999984"
"364.1168742135525","330.0000000001"
"383.4856328356746","339.99999999970004"
"444.8275127391641","482.00000000026"
"526.4706690288001","892.00000000024"
"539.7811859848431","1159.99999999966"
"515.4251877754684","929.00000000032"
"611.3063020821655","800.00000000002"
"533.5600286430399","831.999999999988"
"448.4844913979717","747.000000000034"
"410.3065333145569","743.999999999998"
"395.82633389072214","743.000000000038"
"398.97015496774713","783.999999999997"
"417.69741928931586","899.99999999992"
"466.11328512743717","1129.00000000012"
"554.0860249329235","1561.0"
"553.2051082774917","1263.00000000022"
"438.9399740055856","1011.00000000016"
"388.7372216085298","539.00000000032"
"357.4091562235521","371.99999999998"
"355.8342267880901","327.00000000022"
"329.2666962614311","326.00000000026"
"334.14265389841216","318.99999999976"
"313.35485509745774","316.99999999984"
"294.81964869498523","314.99999999992"
"327.65685505033565","323.00000000038"
"389.5333189039943","334.9999999999"
"458.0813250919332","449.00000000002"
"702.7689534022929","512.9999999998"
"848.695616015609","704.999999999998"
"604.1944065304444","642.0000000001"
"585.431777414271","551.9999999998"
"428.5411066399404","586.99999999996"
"379.18532400067886","502.00000000024"
"500.4342089122797","548.99999999992"
"565.509085737968","508.0"
"552.6055821473223","447.0000000001"
"879.4766964622312","507.00000000003996"
"940.3264411299085","763.999999999978"
"998.3834506428809","1263.00000000022"
"1088.191821094091","898.99999999996"
"701.4772658630723","410.99999999998"
"464.02240482257525","378.9999999997"
"438.6818241721586","345.00000000027995"
"396.7285040454025","328.00000000018"
"401.45197778410557","332.00000000002007"
"404.1946674432959","326.00000000026"
"385.19753187143186","325.0000000003"
"385.98926427050947","334.9999999999"
"384.5108953757158","343.00000000036"
"392.14929600765896","368.00000000014"
"526.4380573239231","446.00000000014"
"998.3401551819187","1363.00000000012"
"982.3846125692565","1305.0000000001"
"779.1123427704068","928.00000000036"
"682.606906196892","780.000000000001"
"560.6898659181359","671.99999999968"
"545.6174481208885","638.00000000026"
"530.3145100964643","552.99999999976"
"540.737302014988","447.0000000001"
"526.8299539062716","446.00000000014"
"613.2277917127867","520.0000000003"
"728.6674983417563","820.0"
"852.3352108444246","1175.9999999998"
"759.00793414947","751.00000000003"
"507.79975781686665","519.0000000003399"
"433.55362769689197","377.99999999974"
"395.8030180766887","351.00000000003996"
"395.8030180766887","326.00000000026"
"359.3551928834999","334.9999999999"
"360.1660994551169","330.0000000001"
"339.7745623529371","320.99999999968"
"324.9844513266247","313.99999999996"
"315.7601038692195","313.0"
"318.806022458505","312.00000000004"
"310.1808826055173","299.99999999974"
"326.5472205372333","311.00000000008004"
"352.55144647465227","323.00000000038"
"367.2626893533467","330.0000000001"
"350.4495512488318","332.00000000002007"
"356.68999422873327","330.0000000001"
"351.7573568712606","325.0000000003"
"344.6271468207633","316.99999999984"
"337.2032169582918","313.0"
"348.67244332412946","315.99999999988"
"377.1615765244685","325.0000000003"
"399.2962772401272","347.00000000020003"
"417.5029679241581","341.99999999962"
"417.171466279089","326.00000000026"
"361.0906344923871","318.99999999976"
"352.31304152737664","317.99999999979997"
"339.77117250434804","315.99999999988"
"298.9810786325974","308.0000000002"
"291.9431811036143","295.99999999989996"
"293.0081703036377","291.00000000010004"
"288.54674453409297","289.00000000017997"
"293.9017746558615","286.0000000003"
"293.581829967847","286.0000000003"
"298.48833800874985","284.00000000038"
"302.0457878252348","270.00000000016"
"294.6072843557099","268.00000000024"
"305.8865542563804","273.00000000004"
"303.5496398738547","275.99999999991996"
"298.1753886537861","280.99999999972"
"308.1034589467749","286.0000000003"
"311.00941056529035","287.00000000026"
"309.9259167150607","274.99999999996"
"306.67196744049454","273.00000000004"
"303.2875137070938","277.99999999984004"
"301.3876681594907","274.0"
"371.59084319708614","328.00000000018"
"391.74024578417834","326.00000000026"
"372.8719605674703","326.00000000026"
"355.5216851481549","316.99999999984"
"354.9606957222638","314.99999999992"
"357.06762977891424","312.00000000004"
"306.2731149401261","307.00000000024"
"286.4499477999202","306.00000000028"
"289.97168567340424","297.99999999982003"
"282.4604215471945","297.99999999982003"
"293.66741624658675","297.99999999982003"
"308.3605645590031","307.00000000024"
"361.0777981744942","317.99999999979997"
"418.2881857751711","408.0000000001"
"854.8572365913097","631.99999999972"
"975.4415452091921","743.000000000038"
"772.0700570049864","447.0000000001"
"481.0023175627826","391.99999999996"
"459.51871673013005","364.00000000029996"
"399.208579712334","344.00000000032"
"425.41275624806696","345.00000000027995"
"412.10060826481293","336.99999999982"
"414.7156250436772","333.99999999994003"
"388.5820682930493","347.00000000020003"
"408.7289912604141","412.9999999999"
"437.67631422794767","343.00000000036"
"424.9258213784542","325.0000000003"
"364.8276423764246","316.99999999984"
"344.9916100797375","312.00000000004"
"301.70199550900423","308.0000000002"
"282.23541929668227","295.99999999989996"
"267.4173427866044","291.00000000010004"
"271.26821635205755","285.00000000034004"
"269.4595165850994","285.00000000034004"
"270.4377999020714","286.0000000003"
"280.49753978933677","294.99999999994"
"281.06037756602507","304.00000000036005"
"334.00929487038763","314.99999999992"
"553.9499827583095","350.00000000008"
"513.9869448300944","390.00000000004"
"500.66110875893577","348.00000000016"
"464.7644950244878","338.99999999973994"
"369.9328909655013","331.00000000005997"
"354.5647360586466","321.99999999964"
"350.02139206523543","318.99999999976"
"350.44473521568716","315.99999999988"
"348.3490171821114","312.00000000004"
"343.2584507170251","311.00000000008004"
"401.8307704004398","316.99999999984"
"350.24667020231874","313.99999999996"
"286.29757306703544","305.00000000032003"
"255.57734345724157","295.99999999989996"
"235.63284207859863","288.00000000022"
"236.36122002154434","276.99999999988006"
"264.3205689852557","253.00000000006003"
"270.2051301244153","249.00000000021998"
"268.29816348212466","231.00000000015996"
"269.04614253569116","226.00000000035993"
"272.88869015002564","230.00000000019998"
"271.8431193547026","239.99999999980002"
"276.3756908333806","236.99999999991996"
"289.059184732841","270.00000000016"
"292.32738535459697","299.99999999974"
"302.3054536121313","311.00000000008004"
"296.7013345819684","300.9999999997"
"274.04370236700316","294.99999999994"
"273.5237813299802","290.00000000014006"
"279.8422948837632","286.0000000003"
"284.7156227428046","282.99999999963995"
"286.0450699976495","281.99999999967997"
"295.38099308707325","282.99999999963995"
"298.6107413894608","286.0000000003"
"320.3417846615683","313.99999999996"
"346.40519349904764","316.99999999984"
"316.0844494199303","312.00000000004"
"288.8198860722227","297.99999999982003"
"284.99957149592757","288.00000000022"
"281.44378537475666","284.00000000038"
"279.64368298588255","276.99999999988006"
"314.687827696762","278.9999999998"
"322.9720579110232","278.9999999998"
"319.20546587692644","279.99999999976"
"320.73569798166875","282.99999999963995"
"319.83664195308967","298.99999999978"
"313.8898276997197","318.99999999976"
"345.9464031964671","378.9999999997"
"560.1015379202282","477.99999999964"
"538.6244784041413","594.9999999996401"
"415.76961610826163","571.99999999978"
"354.04513311626056","461.00000000032"
"338.57175541303303","378.9999999997"
"327.66375232972","364.00000000029996"
"326.8060802101267","339.99999999970004"
"327.7256409243859","329.00000000014"
"309.6256146256438","315.99999999988"
"344.3078867599903","326.00000000026"
"458.189673457627","373.9999999999"
"351.8026298065692","334.9999999999"
"301.9246771990892","300.9999999997"
"293.02683478718853","288.00000000022"
"284.8505790950506","282.99999999963995"
"290.8025169228264","276.99999999988006"
"289.06619901855436","270.00000000016"
"277.5554865731567","263.99999999962006"
"279.6656292511305","258.99999999982003"
"279.3832619630612","256.99999999990007"
"288.24973977675893","260.99999999974"
"300.19386942794995","265.00000000036005"
"291.95347295455963","271.00000000012"
"301.14934036294375","290.00000000014006"
"315.46277576285064","321.99999999964"
"337.4219959039642","344.00000000032"
"315.0134107300193","313.99999999996"
"326.2622201539305","296.99999999985994"
"305.101629495493","296.99999999985994"
"292.5256699135522","293.99999999998"
"295.0930825456655","292.00000000006"
"282.99821258874687","293.99999999998"
"276.1822506568296","287.00000000026"
"276.1601755786731","293.00000000002"
"310.1607944220884","391.99999999996"
"317.5356924026902","323.00000000038"
"286.04719739926475","317.99999999979997"
"271.8295560635012","300.9999999997"
"261.0789530156188","281.99999999967997"
"260.101094232935","276.99999999988006"
"260.82200840914663","273.00000000004"
"252.19042814745535","271.00000000012"
"264.73407903832515","263.99999999962006"
"262.5225825241864","261.9999999997"
"264.49369545684783","260.99999999974"
"270.8420208553324","261.9999999997"
"273.379052066493","261.9999999997"
"287.55824691530853","260.99999999974"
"286.79812943265716","260.99999999974"
"286.94448496974957","262.9999999996601"
"286.40956259948445","265.00000000036005"
"281.1512299392084","266.00000000032003"
"272.8321514037696","263.99999999962006"
"269.86659022009127","260.99999999974"
"288.0549383106533","259.99999999978"
"275.77415504920475","257.99999999986005"
"275.1081167329121","257.99999999986005"
"270.79323596911746","260.99999999974"
"281.5892441733409","267.00000000028"
"289.7895051190517","268.00000000024"
"280.18866988859054","265.00000000036005"
"293.9544559219488","261.9999999997"
"266.1378739397088","253.00000000006003"
"264.9632389981723","254.99999999998"
"261.95758652810594","242.99999999968009"
"250.33392375031644","232.00000000011994"
"252.93093340789846","227.00000000032003"
"251.93730226377886","221.99999999974"
"248.37002007387127","223.99999999965996"
"247.64434890470784","228.00000000028"
"252.49969900051406","236.99999999991996"
"246.11416032460693","236.99999999991996"
"243.88033691531655","235.0"
"253.79201295828568","233.00000000007992"
"278.5158884331302","254.00000000002"
"242.14645462048168","260.99999999974"
"231.28741390796597","258.99999999982003"
"229.02372498931504","241.99999999972"
"250.44228511906556","222.99999999969998"
"248.32339368412852","210.00000000021998"
"256.3797729080952","209.00000000026"
"259.0575121937326","208.00000000030002"
"265.2547315588363","312.00000000004"
"267.7193740533379","274.99999999996"
"266.15205258953347","272.00000000008"
"268.52451215919336","268.00000000024"
"275.78745834877924","267.00000000028"
"273.0389224866869","261.9999999997"
"279.89824317036846","256.99999999990007"
"284.2040442330831","256.99999999990007"
"285.40087690390425","254.99999999998"
"274.5056610898396","256.99999999990007"
"276.4475268286347","260.99999999974"
"284.3739021520629","267.00000000028"
"279.6407644664914","274.0"
"285.39384557896943","293.99999999998"
"307.9970127102486","483.00000000022004"
"294.1700547256002","451.99999999989996"
"312.0940852891369","377.99999999974"
"284.3656337075725","318.99999999976"
"285.33501262388717","293.99999999998"
"297.18377651835175","284.00000000038"
"295.84266739773403","279.99999999976"
"288.90946062443555","284.00000000038"
"303.75450180331376","262.9999999996601"
"307.7027834609595","227.00000000032003"
"276.00168871487284","326.00000000026"
"282.7647179415562","278.9999999998"
"278.74344896454255","272.00000000008"
"261.01115927468345","268.00000000024"
"242.87062943102944","262.9999999996601"
"251.73668196391827","255.9999999999401"
"253.46011230486056","241.99999999972"
"249.12203787511544","230.00000000019998"
"257.04970524817327","227.00000000032003"
"263.66966395326017","227.00000000032003"
"263.22441832793584","230.00000000019998"
"268.71729084859896","237.99999999987995"
"273.52985971891604","238.99999999984004"
"272.75316639851366","259.99999999978"
"292.92201862813846","272.00000000008"
"294.5581939745327","276.99999999988006"
"283.60108222301045","275.99999999991996"
"288.3381314866787","276.99999999988006"
"286.38609528639023","275.99999999991996"
"285.1948887484535","274.99999999996"
"281.82409589459866","274.0"
"280.26919082630883","274.0"
"275.1822624816456","274.0"
"268.8272771413982","277.99999999984004"
"284.2567037908299","328.00000000018"
"298.45359223890364","333.99999999994003"
"272.109261822475","318.99999999976"
"269.9947440922001","281.99999999967997"
"271.4417846869136","275.99999999991996"
"268.22312530296995","268.00000000024"
"268.66408182994235","260.99999999974"
"278.67199763163853","242.99999999968009"
"269.5723762745353","239.99999999980002"
"267.43219355280905","236.99999999991996"
"280.9780265709664","240.99999999976"
"289.1239349438548","247.00000000030002"
"285.9873723046236","248.00000000026"
"294.07243047740127","260.99999999974"
"301.7132900621895","270.00000000016"
"310.1094606291838","272.00000000008"
"301.59173277968273","268.00000000024"
"294.113603445742","267.00000000028"
"288.2655146328956","265.00000000036005"
"274.72403780403965","262.9999999996601"
"275.6547542905745","261.9999999997"
"270.6638140960146","260.99999999974"
"263.0409961218686","257.99999999986005"
"263.37413155116315","256.99999999990007"
"260.75959465414985","262.9999999996601"
"260.9701306157498","262.9999999996601"
"260.0166255195337","258.99999999982003"
"258.3778003687413","252.00000000010004"
"258.7105692904913","242.99999999968009"
"255.88099737540563","230.00000000019998"
"258.19297828341655","211.00000000017997"
"257.075174794659","107.99999999961994"
"261.18830963101595","94.00000000017997"
"260.2894399281256","107.99999999961994"
"258.9048136616591","153.00000000015996"
"257.8493227845221","154.00000000012005"
"257.6715812884338","208.00000000030002"
"261.2368533050967","232.00000000011994"
"277.97470309704414","248.00000000026"
"274.7625045848466","252.00000000010004"
"272.3074736689069","252.00000000010004"
"276.3162993544229","252.00000000010004"
"275.2491569867763","249.00000000021998"
"276.7354098114549","246.00000000033992"
"273.7262428070774","242.99999999968009"
"274.01981224374686","242.99999999968009"
"275.1708257156007","242.99999999968009"
"267.2394329636569","246.00000000033992"
"277.035546326176","254.99999999998"
"283.31565479860984","256.99999999990007"
"281.163636514117","254.99999999998"
"279.3435277009343","250.00000000017997"
"276.2924203416192","245.00000000037994"
"272.1421587266316","237.99999999987995"
"269.926763550995","227.00000000032003"
"266.47453089136843","216.99999999993997"
"267.9860124418673","218.99999999985994"
"269.86378592185616","214.00000000006003"
"269.1495457079611","215.00000000002"
"267.60085446213213","215.99999999998"
"271.61153159389727","226.00000000035993"
"280.1662214590039","236.99999999991996"
"286.2390821220322","250.00000000017997"
"280.5654015626978","253.00000000006003"
"279.83347592765296","251.00000000014006"
"263.9294603775114","249.00000000021998"
"263.8807968728636","246.00000000033992"
"260.06364052257777","240.99999999976"
"253.29116538425774","235.99999999995998"
"247.8832986909582","231.00000000015996"
"248.30922183317296","229.00000000024"
"243.85120509696833","230.00000000019998"
"253.47802261912148","240.99999999976"
"254.62668373447434","245.00000000037994"
"253.9595424306607","242.99999999968009"
"248.56499773048063","235.0"
"246.85506320827835","227.00000000032003"
"242.25351399325427","221.99999999974"
"243.3338236420268","219.99999999981992"
"243.90356774378017","224.99999999961994"
"243.83243863497364","220.99999999978002"
"241.8005504843802","218.99999999985994"
"241.65934697661658","217.99999999989996"
"241.43396225390745","218.99999999985994"
"242.88336770048716","221.99999999974"
"245.18267324170824","221.99999999974"
"248.89686127540813","220.99999999978002"
"247.59717795301458","222.99999999969998"
"244.58664929879274","226.00000000035993"
"204.22510255255634","230.00000000019998"
"199.3306652752325","228.00000000028"
"205.03756695190123","224.99999999961994"
"205.34432106735392","223.99999999965996"
"234.9501954579265","223.99999999965996"
"246.0928718523013","227.00000000032003"
"262.82571427454957","231.00000000015996"
"272.4202418342964","246.00000000033992"
"279.9967899089251","251.00000000014006"
"271.62699297715517","248.00000000026"
"260.7812099578309","239.99999999980002"
"257.2442864591228","241.99999999972"
"250.93041892820906","239.99999999980002"
"238.6915718972101","238.99999999984004"
"225.8502735637378","243.99999999964007"
"220.9702123227355","234.0000000000399"
"217.8357839197605","224.99999999961994"
"215.7335827105012","228.00000000028"
"214.23355412169337","235.99999999995998"
"214.30646206295796","245.00000000037994"
"209.5074434075575","236.99999999991996"
"208.06228233601564","234.0000000000399"
"216.0980229939929","254.00000000002"
"221.96947238550013","278.9999999998"
"257.31238641601635","315.99999999988"
"253.4971300497184","373.9999999999"
"254.08461733481772","380.99999999961994"
"246.96910166786893","343.00000000036"
"241.48580001402524","320.99999999968"
"239.73613332352875","297.99999999982003"
"250.67484565977634","282.99999999963995"
"257.5034653648738","319.99999999972005"
"277.41124551071266","409.00000000005997"
"289.99855210024236","499.00000000036"
"278.13285842198087","468.00000000004"
"267.4184981108657","410.99999999998"
"265.13153628719147","327.00000000022"
"260.9926970407032","323.00000000038"
"250.21906532098944","309.00000000015996"
"240.43710946365456","255.9999999999401"
"232.513427837363","252.00000000010004"
"235.69505665655572","252.00000000010004"
"234.4110445637424","249.00000000021998"
"234.99023425067344","261.9999999997"
"267.6757573174982","326.00000000026"
"302.72423039386985","430.99999999996"
"311.68272964770836","444.00000000022"
"303.5487362405237","411.99999999994"
"289.0066019038979","386.0000000002"
"288.50547833444995","364.00000000029996"
"294.8872298067482","332.00000000002007"
"295.9223294072191","360.99999999964"
"302.8588581635942","341.99999999962"
"299.4774082259043","333.99999999994003"
"300.639753093302","333.99999999994003"
"303.8805105508562","384.00000000028"
"307.8684577985582","483.00000000022004"
"308.45886776718356","486.0000000001"
"298.5516938482303","382.00000000036"
"290.8814809091048","365.00000000025994"
"255.39743972934366","324.00000000034"
"249.14404868954648","291.00000000010004"
"233.7020321117027","242.99999999968009"
"233.7020321117027","238.99999999984004"
"228.18301819352246","236.99999999991996"
"239.56063314855453","237.99999999987995"
"247.44694954430406","243.99999999964007"
"255.68506157456602","246.00000000033992"
"268.5998480716702","250.00000000017997"
"271.42013822342307","257.99999999986005"
"276.8468121851997","259.99999999978"
"272.708366795865","257.99999999986005"
"260.04381592291327","254.99999999998"
"257.86845227262086","253.00000000006003"
"258.2042023129394","253.00000000006003"
"257.95263217502486","252.00000000010004"
"258.24598883303076","251.00000000014006"
"261.3173638691396","250.00000000017997"
"260.7014941717754","250.00000000017997"
"259.6150984310964","256.99999999990007"
"270.9793986960669","274.99999999996"
"257.68273423456674","256.99999999990007"
"257.33703206741905","253.00000000006003"
"250.7609237225538","250.00000000017997"
"249.49113725920074","246.00000000033992"
"231.9390560775645","240.99999999976"
"231.67514493628107","233.00000000007992"
"227.21190772688863","224.99999999961994"
"223.71042232639354","223.99999999965996"
"224.00403833407972","239.99999999980002"
"227.75938933170983","246.00000000033992"
"234.99000890583","248.00000000026"
"253.9767701145322","255.9999999999401"
"276.99031565088984","324.00000000034"
"271.8240135965499","371.00000000002"
"280.5915624558535","384.00000000028"
"281.38059430827263","391.0"
"273.6838742047111","399.99999999964"
"270.4896006380462","354.99999999988"
"268.10112057255833","341.99999999962"
"270.43118125225675","325.0000000003"
"265.9389290711074","324.00000000034"
"258.1955564982044","324.00000000034"
"264.88761307951233","390.00000000004"
"266.89879557177676","480.00000000034004"
"265.81763727019666","354.99999999988"
"269.7832713238445","355.99999999984"
"260.93811009201204","301.99999999965996"
"241.7000188030445","262.9999999996601"
"232.11590974432215","240.99999999976"
"231.83532719229413","234.0000000000399"
"223.98635293383893","229.00000000024"
"222.06069158818195","227.00000000032003"
"221.78655271574087","230.00000000019998"
"225.6437988523652","239.99999999980002"
"232.77821536106694","241.99999999972"
"248.12761666770302","250.00000000017997"
"265.87900393829057","315.99999999988"
"273.0581020969164","320.99999999968"
"273.663203367652","316.99999999984"
"282.20789766557766","316.99999999984"
"274.4787546706479","315.99999999988"
"276.28677037451234","295.99999999989996"
"268.5986173057521","298.99999999978"
"268.97859162236875","265.00000000036005"
"257.4344954833783","262.9999999996601"
"250.56771882210273","250.00000000017997"
"266.2912194808556","294.99999999994"
"272.31527785584444","315.99999999988"
"274.47493248979134","286.0000000003"
"254.0796928621753","262.9999999996601"
"234.70943776657145","246.00000000033992"
"228.43833947659778","238.99999999984004"
"214.95495943680044","232.00000000011994"
"209.36642021884154","224.99999999961994"
"210.15085756781593","220.99999999978002"
"207.89305567093095","217.99999999989996"
"201.31755116464024","226.00000000035993"
"205.99549605417815","235.0"
"214.74856360892375","237.99999999987995"
"249.36588739414026","256.99999999990007"
"298.02111325182835","310.00000000011994"
"308.5164341089149","313.0"
"301.3075259012147","314.99999999992"
"311.8130886579063","313.0"
"296.69996736681105","312.00000000004"
"290.5218642330256","313.0"
"276.7097147516858","310.00000000011994"
"271.39626267872006","309.00000000015996"
"260.90572257056283","309.00000000015996"
"268.11340780909563","310.00000000011994"
"291.59353241466687","386.0000000002"
"303.34551304201256","449.00000000002"
"300.65402803276004","429.00000000004"
"266.7242289250772","312.00000000004"
"257.01356779986384","293.00000000002"
"236.03816796214733","238.99999999984004"
"244.0849344331258","237.99999999987995"
"229.89942055343693","237.99999999987995"
"229.76890310105387","235.0"
"230.09531402811137","234.0000000000399"
"227.9652245656447","234.0000000000399"
"231.65306624779532","234.0000000000399"
"235.723805038632","232.00000000011994"
"227.5557247920715","229.00000000024"
"229.45764662290298","231.00000000015996"
"225.96755815453912","235.0"
"226.67992154991794","238.99999999984004"
"243.0332573128968","238.99999999984004"
"242.65751658602574","237.99999999987995"
"245.5320227170315","232.00000000011994"
"245.999603166381","226.00000000035993"
"254.60543676277723","227.00000000032003"
"253.02655031635027","229.00000000024"
"254.2867682135727","233.00000000007992"
"258.37520696141905","240.99999999976"
"257.9091630549573","245.00000000037994"
"259.47661395888895","241.99999999972"
"254.1374063825641","237.99999999987995"
"253.589031375295","236.99999999991996"
"252.94503591211844","233.00000000007992"
"253.31773517523345","234.0000000000399"
"256.67159396294926","231.00000000015996"
"252.71623100728675","226.00000000035993"
"247.97727503120916","219.99999999981992"
"245.59101040107885","223.99999999965996"
"235.49935879676661","223.99999999965996"
"242.1826500874041","231.00000000015996"
"230.11385180872048","223.99999999965996"
"233.7875837914039","224.99999999961994"
"242.1826500874041","235.99999999995998"
"247.5636804244997","238.99999999984004"
"257.60262162084086","239.99999999980002"
"256.8954768612813","239.99999999980002"
"235.44908645683927","237.99999999987995"
"249.79433955880563","236.99999999991996"
"246.37373293116616","235.99999999995998"
"240.86228241252672","235.99999999995998"
"256.01569315287406","237.99999999987995"
"271.25907439650086","245.00000000037994"
"272.3040758386741","280.99999999972"
"273.42289463029255","253.00000000006003"
"275.99933544985754","249.00000000021998"
"268.1960807983901","246.00000000033992"
"262.8533806719065","241.99999999972"
"256.18167026843366","237.99999999987995"
"257.2915293926318","232.00000000011994"
"244.60163957022496","222.99999999969998"
"242.40087482675972","215.99999999998"
"244.2886469479696","203.99999999967997"
"251.05571591017213","211.00000000017997"
"265.7708041274906","200.99999999980002"
"270.0085722494442","263.99999999962006"
"266.03444785825207","297.99999999982003"
"268.5215960386464","368.00000000014"
"267.3857476392659","349.00000000012"
"272.90129576110456","328.00000000018"
"267.5647911713604","297.99999999982003"
"262.3040167184673","266.00000000032003"
"261.3328193271958","255.9999999999401"
"280.2836530307568","254.00000000002"
"252.66558692506862","251.00000000014006"
"270.94814190684946","249.00000000021998"
"278.4513517802962","280.99999999972"
"296.76203974129766","351.00000000003996"
"291.4174042703737","289.00000000017997"
"263.1197390559605","251.00000000014006"
"257.88790874048505","245.00000000037994"
"254.46313594784738","239.99999999980002"
"254.65836897634165","236.99999999991996"
"254.66845025302246","234.0000000000399"
"245.34162317340588","233.00000000007992"
"245.5004448605282","231.00000000015996"
"245.4328583931491","234.0000000000399"
"260.7629970205405","235.99999999995998"
"257.91278291186495","237.99999999987995"
"270.4179905967905","242.99999999968009"
"287.19026837289147","293.00000000002"
"294.0997950003631","315.99999999988"
"273.83519125978137","290.00000000014006"
"274.32966905114915","270.00000000016"
"261.3990745765692","256.99999999990007"
"251.5780779726257","253.00000000006003"
"251.3228578229082","250.00000000017997"
"252.95835360946887","249.00000000021998"
"251.42480709467827","249.00000000021998"
"259.9470042532786","248.00000000026"
"260.35550104307833","254.00000000002"
"267.6423946803876","286.0000000003"
"260.37387535530183","258.99999999982003"
"260.43063045292536","250.00000000017997"
"239.84563393595283","245.00000000037994"
"240.50209399708694","239.99999999980002"
"237.23939782397315","235.99999999995998"
"231.4141163531674","224.99999999961994"
"228.43194915432423","224.99999999961994"
"235.86558050738142","222.99999999969998"
"231.11685291505762","223.99999999965996"
"233.0799724520515","224.99999999961994"
"242.04627163198052","224.99999999961994"
"262.3908166719567","236.99999999991996"
"269.5837624391622","248.00000000026"
"266.45076773190544","258.99999999982003"
"269.67399708389325","245.00000000037994"
"251.96254492174774","242.99999999968009"
"269.77377768400726","239.99999999980002"
"255.52387405283173","235.99999999995998"
"274.4702476030019","237.99999999987995"
"279.18219682506935","233.00000000007992"
"280.39654415516515","231.00000000015996"
"262.5862247539733","235.99999999995998"
"282.69823077434296","238.99999999984004"
"265.83707591780194","241.99999999972"
"272.6140095708209","240.99999999976"
"277.90986191438395","238.99999999984004"
"267.53073838531986","235.99999999995998"
"268.223845282344","230.00000000019998"
"254.2900389202008","224.99999999961994"
"252.55520576246022","219.99999999981992"
"249.46355556695403","216.99999999993997"
"228.7151014812024","215.00000000002"
"250.74121472083118","217.99999999989996"
"243.26998117709638","222.99999999969998"
"255.5621014225153","226.00000000035993"
"277.22986441260866","237.99999999987995"
"310.5701684630446","248.00000000026"
"312.2191326512283","275.99999999991996"
"296.4916542375603","270.00000000016"
"306.5295304802548","261.9999999997"
"298.4510201893899","251.00000000014006"
"299.0392751425009","248.00000000026"
"294.1963028822001","247.00000000030002"
"284.0085178613842","243.99999999964007"
"270.93324706211433","241.99999999972"
"284.9095438325285","241.99999999972"
"293.7346831717234","248.00000000026"
"297.4834077123275","310.00000000011994"
"301.8346728884188","278.9999999998"
"286.04780937292963","249.00000000021998"
"276.0952467138748","242.99999999968009"
"265.88396827368774","237.99999999987995"
"238.0741085654132","234.0000000000399"
"219.06391938126842","229.00000000024"
"219.41121924650724","226.00000000035993"
"214.1403923692959","224.99999999961994"
"218.78926017334175","224.99999999961994"
"218.42926631251953","226.00000000035993"
"226.18906245605172","228.00000000028"
"258.7777865980098","237.99999999987995"
"274.1870420960093","251.00000000014006"
"265.0305340993584","256.99999999990007"
"256.4501449374103","250.00000000017997"
"273.9179474006513","243.99999999964007"
"274.25984988125947","239.99999999980002"
"274.04931356043704","235.99999999995998"
"274.3638865611005","232.00000000011994"
"285.9877812971142","230.00000000019998"
"277.42864490016854","224.99999999961994"
"280.7639045312218","223.99999999965996"
"285.24797749370197","230.00000000019998"
"285.39452097732146","234.0000000000399"
"278.30799951216846","232.00000000011994"
"272.9031499820735","227.00000000032003"
"248.0491971532199","220.99999999978002"
"246.1912831439107","214.00000000006003"
"239.19771946602384","210.00000000021998"
"229.79100135098724","215.00000000002"
"230.06868637186903","208.00000000030002"
"224.50237233329028","207.00000000034004"
"224.53337630929207","207.00000000034004"
"222.81203924412569","210.00000000021998"
"229.36626809808615","215.99999999998"
"223.6158613088885","216.99999999993997"
"225.06493712626877","220.99999999978002"
"227.95368548017348","222.99999999969998"
"235.9861332727031","227.00000000032003"
"250.30966200116745","224.99999999961994"
"238.6221917527995","221.99999999974"
"238.13666748901278","214.00000000006003"
"242.23396105301015","207.00000000034004"
"244.8021688970765","202.99999999972"
"248.16239979091552","201.99999999976"
"244.25192546478922","204.99999999963995"
"236.42949154004452","214.00000000006003"
"250.54180830561938","224.99999999961994"
"246.55833848405518","223.99999999965996"
"244.43935668680012","215.99999999998"
"249.4315448030004","210.00000000021998"
"247.202072296481","202.99999999972"
"255.87118131851605","200.99999999980002"
"254.90244435042098","184.99999999965996"
"247.24329976642764","146.99999999962006"
"242.9950415893129","129.00000000033992"
"248.9478968405782","154.00000000012005"
"241.66242659728016","167.00000000038006"
"241.1827079091645","175.00000000006003"
"246.29837308741253","175.00000000006003"
"239.6582466116589","178.99999999990007"
"246.75923538848178","202.99999999972"
"256.9628638902534","219.99999999981992"
"255.87942455986547","222.99999999969998"
"257.48108608762766","221.99999999974"
"245.48269155420348","215.99999999998"
"242.23775175043806","211.00000000017997"
"250.38130277355242","202.99999999972"
"243.0888188449244","200.99999999980002"
"236.33784672553782","206.00000000038006"
"242.73994773055188","215.99999999998"
"250.9215657127802","230.00000000019998"
"256.3956377170564","229.00000000024"
"242.36832323729925","222.99999999969998"
"245.69476171940505","214.00000000006003"
"246.9048209679196","206.00000000038006"
"237.72757494811515","201.99999999976"
"235.502054782978","196.0"
"238.3348146131118","194.00000000008004"
"237.5065911099657","193.00000000012005"
"235.37096420266857","189.00000000028"
"241.25269150067913","195.00000000004002"
"238.93327953305743","214.00000000006003"
"250.4833708050229","226.00000000035993"
"252.8774283941517","243.99999999964007"
"249.52791035456414","247.00000000030002"
"253.00855526461373","243.99999999964007"
"261.8823217640596","240.99999999976"
"265.2539458433831","237.99999999987995"
"240.9186662667595","232.00000000011994"
"242.79906258922244","228.00000000028"
"242.75916561993347","226.00000000035993"
"248.0823928749951","224.99999999961994"
"258.22455342456453","224.99999999961994"
"265.0934982586306","235.0"
"258.9937816188494","242.99999999968009"
"253.12812078209765","242.99999999968009"
"245.59041332275547","239.99999999980002"
"238.53449509192455","232.00000000011994"
"229.72218482167466","222.99999999969998"
"227.33218220842468","212.00000000013995"
"221.79404266981817","192.00000000015996"
"215.38364620326922","185.99999999961994"
"216.33506932913372","185.99999999961994"
"216.86376384466485","190.00000000024"
"224.04605997007445","194.00000000008004"
"224.7244777885296","203.99999999967997"
"233.52097866187341","220.99999999978002"
"224.54759761748107","237.99999999987995"
"224.65167608819843","262.9999999996601"
"233.1534586191881","262.9999999996601"
"223.646470625137","233.00000000007992"
"226.36137740052652","227.00000000032003"
"228.6890430027313","224.99999999961994"
"228.20720882870876","222.99999999969998"
"233.71387375355653","219.99999999981992"
"234.8362959533381","217.99999999989996"
"250.6982143373491","218.99999999985994"
"247.91916245617995","232.00000000011994"
"249.02767285819698","306.00000000028"
"229.4880553046154","310.00000000011994"
"215.34970877453736","235.99999999995998"
"206.4650245820843","229.00000000024"
"200.75122392587627","221.99999999974"
"206.38686509970728","213.00000000009993"
"205.5418540768103","203.99999999967997"
"204.99106480398518","199.99999999984004"
"203.923900221665","199.99999999984004"
"208.99108903945455","207.00000000034004"
"210.4618609952795","210.00000000021998"
"220.1749002754284","216.99999999993997"
"214.2344907386689","226.00000000035993"
"280.9720091741428","335.99999999986"
"284.21009821013274","389.00000000008004"
"269.44466582842244","392.99999999992"
"260.9116747558271","351.00000000003996"
"271.7058342238439","364.00000000029996"
"266.45568908440634","351.99999999999994"
"274.8424962073743","309.00000000015996"
"270.3297562246367","282.99999999963995"
"266.1042300542049","274.0"
"252.63220343743694","274.0"
"271.66592132764566","310.00000000011994"
"288.14924481090605","406.00000000017997"
"298.341037017149","375.99999999982003"
"281.96682532968396","310.00000000011994"
"260.687645684126","248.00000000026"
"226.63390554626812","218.99999999985994"
"208.8802605190849","211.00000000017997"
"197.19174294838706","212.00000000013995"
"197.51527819365583","204.99999999963995"
"187.88127895599348","202.99999999972"
"190.68620098271174","204.99999999963995"
"183.5153152493698","207.00000000034004"
"179.93173614255159","215.00000000002"
"235.06892437564193","256.99999999990007"
"266.550889829178","313.0"
"272.1128881307712","350.00000000008"
"274.6994967093768","317.99999999979997"
"274.708797761426","360.99999999964"
"281.5189165709941","313.99999999996"
"269.3994417712786","312.00000000004"
"269.3994417712786","312.00000000004"
"268.58554962587755","299.99999999974"
"267.1231567359134","291.00000000010004"
"267.30850006081994","291.00000000010004"
"294.6587419580333","310.00000000011994"
"298.1355978864759","330.0000000001"
"298.2510419489534","313.99999999996"
"273.8722092104436","312.00000000004"
"260.2637371682706","291.00000000010004"
"243.99519415401835","253.00000000006003"
"218.58830126905787","199.99999999984004"
"208.6296455523409","207.00000000034004"
"194.9737115393616","203.99999999967997"
"186.75235076084778","202.99999999972"
"195.5183726911082","204.99999999963995"
"196.96213095295707","210.00000000021998"
"209.0841630224346","257.99999999986005"
"261.37479932561257","329.00000000014"
"280.43045983965345","425.00000000020003"
"284.4423270082314","386.0000000002"
"268.96025609070966","327.00000000022"
"262.10284360323305","316.99999999984"
"216.94280481542592","300.9999999997"
"219.7296318652243","296.99999999985994"
"263.15988596834984","293.99999999998"
"226.49045243138755","254.99999999998"
"224.5341379693707","252.00000000010004"
"234.02337052320047","236.99999999991996"
"266.9945416902125","293.00000000002"
"266.47238141841876","311.00000000008004"
"264.9191452453787","291.00000000010004"
"216.39808691086648","255.9999999999401"
"196.15878711923096","219.99999999981992"
"197.66142292329937","213.00000000009993"
"199.10080006985027","204.99999999963995"
"207.96839644104125","206.00000000038006"
"190.7061184427812","198.99999999987995"
"177.83778538349804","196.0"
"189.92793689254972","195.00000000004002"
"189.5452574719891","184.99999999965996"
"191.90573542039238","198.99999999987995"
"191.7030859891861","199.99999999984004"
"200.43548252173719","204.99999999963995"
"231.02255922873962","288.00000000022"
"255.02011311318165","313.0"
"242.89380829940683","316.99999999984"
"260.0070239829694","313.99999999996"
"242.41534435879487","296.99999999985994"
"235.45804145202305","263.99999999962006"
"220.2074910944998","234.0000000000399"
"235.11301329815217","262.9999999996601"
"259.5976900264209","286.0000000003"
"268.1426654776893","313.0"
"274.29037293542285","313.99999999996"
"259.6219870190283","310.00000000011994"
"233.41570868882707","269.00000000020003"
"222.1734262993947","262.9999999996601"
"215.85957416122267","259.99999999978"
"197.57883158752804","223.99999999965996"
"172.11402886320388","257.99999999986005"
"151.27523951964076","213.00000000009993"
"146.346100086177","201.99999999976"
"149.31068306987788","181.99999999978002"
"153.12216403973628","187.00000000036005"
"160.39538298677076","196.99999999995998"
"161.6231712734816","192.00000000015996"
"156.26190039584424","182.99999999974"
"163.69728844211363","185.99999999961994"
"161.9886367736848","223.99999999965996"
"220.3169165834404","249.00000000021998"
"222.7949563430999","274.99999999996"
"220.36377506624547","262.9999999996601"
"199.17512141875523","245.00000000037994"
"202.21446299718355","209.00000000026"
"196.312949167512","202.99999999972"
"209.5693360286308","221.99999999974"
"228.42797082413983","293.99999999998"
"259.5836205393299","313.99999999996"
"224.4978763999926","311.00000000008004"
"211.94125194045364","222.99999999969998"
"209.61152852241582","217.99999999989996"
"221.01294248458453","212.00000000013995"
"209.64464479860396","200.99999999980002"
"202.99654092331502","189.00000000028"
"231.1332898470498","181.99999999978002"
"216.774758157262","177.99999999993997"
"194.85632228243946","180.99999999982003"
"199.00073846997145","182.99999999974"
"219.65905411196002","201.99999999976"
"232.10176794383085","217.99999999989996"
"253.8446760813041","228.00000000028"
"249.13744699712004","235.0"
"233.6201365578255","265.00000000036005"
"243.32292273556993","293.00000000002"
"242.0387341565961","311.00000000008004"
"241.17777891012236","297.99999999982003"
"223.39604372740598","246.00000000033992"
"228.18099093377384","234.0000000000399"
"223.98294610571327","220.99999999978002"
"236.84112846354822","220.99999999978002"
"247.17457092666132","223.99999999965996"
"254.7779035204876","241.99999999972"
"265.45982790988364","265.00000000036005"
"262.3604419978881","237.99999999987995"
"245.65673861657615","223.99999999965996"
"216.32631608350107","219.99999999981992"
"214.9681527445714","212.00000000013995"
"228.1788290775263","194.00000000008004"
"225.33046042542378","187.00000000036005"
"225.97811978226696","185.99999999961994"
"224.25665047769496","185.99999999961994"
"228.7301943059873","188.00000000032003"
"237.57422770110816","193.00000000012005"
"238.2734825873531","209.00000000026"
"241.6924509657174","218.99999999985994"
"256.53112923565527","221.99999999974"
"240.53114157070775","218.99999999985994"
"246.29834577532313","217.99999999989996"
"238.2122494279622","216.99999999993997"
"235.1510344354948","215.99999999998"
"222.13555340262337","215.00000000002"
"228.31095544823904","214.00000000006003"
"229.25460905602802","212.00000000013995"
"237.6401696092131","211.00000000017997"
"230.95336549356807","215.00000000002"
"240.4595381143547","218.99999999985994"
"235.45245525633493","221.99999999974"
"229.7241077885942","218.99999999985994"
"212.30047637024768","215.00000000002"
"217.10092484608083","206.00000000038006"
"206.1471075245055","196.99999999995998"
"201.65188559630974","192.00000000015996"
"204.97767975297768","187.00000000036005"
"200.58968792172334","185.99999999961994"
"200.9189798247736","185.99999999961994"
"204.03831886253295","188.00000000032003"
"205.543701578919","196.0"
"224.3475011525785","210.00000000021998"
"249.66615072375794","285.00000000034004"
"258.87913967334975","294.99999999994"
"250.42880254538727","309.00000000015996"
"244.36406789590865","310.00000000011994"
"241.9788702773651","296.99999999985994"
"240.67962630492195","287.00000000026"
"233.75566115189758","296.99999999985994"
"222.9911869378226","300.9999999997"
"225.69886577941224","242.99999999968009"
"217.802477273441","209.00000000026"
"223.72948015073428","240.99999999976"
"242.69792980469504","293.00000000002"
"255.35841390147584","310.00000000011994"
"252.715095842619","295.99999999989996"
"247.11302379783342","293.00000000002"
"222.08573681539906","243.99999999964007"
"193.5085323630202","201.99999999976"
"185.2232339685139","187.00000000036005"
"182.58550938986696","185.99999999961994"
"181.44311563459144","184.99999999965996"
"181.9703046808263","185.99999999961994"
"180.30137844421347","188.00000000032003"
"182.67340736575636","197.99999999991996"
"202.44619468248573","213.00000000009993"
"242.5735027560587","302.99999999962"
"252.56646332372884","328.00000000018"
"251.59605936837227","308.0000000002"
"238.00859881417273","304.00000000036005"
"233.98954300548723","297.99999999982003"
"236.4343618265632","297.99999999982003"
"233.06196342896192","298.99999999978"
"220.96240342134456","297.99999999982003"
"212.433005515309","251.00000000014006"
"216.8113843730997","250.00000000017997"
"242.90805887069246","293.99999999998"
"242.0461645319491","307.00000000024"
"253.89699943597077","302.99999999962"
"237.56004593578086","289.00000000017997"
"214.60461137584468","248.00000000026"
"213.99199891864907","203.99999999967997"
"203.13546502133102","193.00000000012005"
"202.47323935492943","185.99999999961994"
"195.26403794512453","183.99999999969998"
"201.92758630680498","182.99999999974"
"201.32557637450407","184.99999999965996"
"200.31247985817777","189.00000000028"
"210.26146146602423","196.99999999995998"
"227.74777013318192","251.00000000014006"
"278.4144125595723","307.00000000024"
"297.9660553814553","335.99999999986"
"298.81753814543214","334.9999999999"
"293.04811563432247","308.0000000002"
"277.8934730511232","299.99999999974"
"269.81096391875656","293.99999999998"
"255.64487319816965","289.00000000017997"
"245.27429331064025","279.99999999976"
"233.47980458497125","251.00000000014006"
"239.01178524273712","262.9999999996601"
"267.2176508883797","305.00000000032003"
"271.20222212655045","307.00000000024"
"273.2492863535027","290.00000000014006"
"278.0979591752638","307.00000000024"
"253.2358816754171","307.00000000024"
"242.79312221020916","307.00000000024"
"244.03227532534027","291.00000000010004"
"201.14664084819663","191.00000000019998"
"187.25953606233793","185.99999999961994"
"195.47955582894235","182.99999999974"
"184.29114776928634","182.99999999974"
"184.29114776928634","183.99999999969998"
"176.14385459668802","183.99999999969998"
"180.38670549554797","182.99999999974"
"196.40197716033265","188.00000000032003"
"205.53130542010683","239.99999999980002"
"217.92733957678752","241.99999999972"
"214.2105906277243","241.99999999972"
"208.86150614579185","241.99999999972"
"197.51635404324406","236.99999999991996"
"167.36750590325948","184.99999999965996"
"152.23996384084342","182.99999999974"
"159.68325342275602","181.99999999978002"
"163.82375491988","182.99999999974"
"194.59092429698","246.00000000033992"
"219.6075945575402","243.99999999964007"
"212.2917485797508","239.99999999980002"
"209.92049132058924","193.00000000012005"
"211.23410883928796","189.00000000028"
"208.46258538217364","185.99999999961994"
"189.48102776351993","180.99999999982003"
"194.4263016846403","178.99999999990007"
"172.6345318593652","170.00000000026"
"200.9930950866658","167.00000000038006"
"223.93627292650342","156.00000000004002"
"230.2446712197817","149.00000000031991"
"216.61969360635464","156.00000000004002"
"209.32233212280403","176.00000000002"
"201.19545249676298","187.00000000036005"
"205.89558769487485","191.00000000019998"
"197.44751232302963","187.00000000036005"
"185.04937093482852","178.99999999990007"
"193.80359070792701","178.99999999990007"
"181.95429147795937","176.99999999998"
"176.91248821480326","176.00000000002"
"176.32724848515147","174.00000000010004"
"175.93805784773622","175.00000000006003"
"189.91555854966737","177.99999999993997"
"202.1189819532816","241.99999999972"
"205.0865785342438","262.9999999996601"
"202.52761034415187","279.99999999976"
"219.07070435213654","241.99999999972"
"212.69366739962936","198.99999999987995"
"194.71402883127644","191.00000000019998"
"184.60444559039308","200.99999999980002"
"183.92363128202874","191.00000000019998"
"174.51264531448362","176.99999999998"
"182.95431190580257","172.00000000018008"
"166.1116081664204","182.99999999974"
"184.8711082548774","199.99999999984004"
"258.9342361245309","302.99999999962"
"290.07471088608895","307.00000000024"
"303.5349943369195","384.00000000028"
"303.848237725109","331.00000000005997"
"304.84351890591716","384.00000000028"
"292.4391185435125","327.00000000022"
"273.41671882043806","296.99999999985994"
"258.83434096721226","282.99999999963995"
"243.01417936576843","260.99999999974"
"240.20897787589684","259.99999999978"
"253.44257926691375","278.9999999998"
"265.4668226273118","302.99999999962"
"279.5996301357724","284.00000000038"
"283.34074783267204","281.99999999967997"
"262.6429979725991","280.99999999972"
"260.3814377971962","242.99999999968009"
"224.19165837003618","194.00000000008004"
"205.6703375663643","179.99999999986005"
"207.3004201004045","174.00000000010004"
"213.75963810981932","164.99999999967997"
"223.59484768480172","169.00000000030002"
"225.8337635333255","157.9999999999601"
"230.5348182965588","172.00000000018008"
"242.91533806795985","182.99999999974"
"274.12746068864857","242.99999999968009"
"289.3197312680178","311.00000000008004"
"295.23657555166875","331.00000000005997"
"298.1033060528524","331.00000000005997"
"294.28651261221677","349.00000000012"
"294.86275687399535","329.00000000014"
"271.0289523253845","284.00000000038"
"254.7202977708307","271.00000000012"
"240.4852697031189","253.00000000006003"
"234.6828525073331","256.99999999990007"
"232.76367723059184","262.9999999996601"
"239.8937283045169","278.9999999998"
"240.17413047775938","280.99999999972"
"235.34069000495003","282.99999999963995"
"258.0283915322326","375.99999999982003"
"263.970535961423","284.00000000038"
"237.9819766602734","239.99999999980002"
"224.97995387889262","178.99999999990007"
"220.9224089725002","175.00000000006003"
"217.3983301699684","173.00000000014006"
"209.13160986097114","170.00000000026"
"211.43329777104145","159.99999999988006"
"211.62265579424513","171.00000000021998"
"215.86018266008887","182.99999999974"
"227.086398243154","245.00000000037994"
"231.69483846616993","260.99999999974"
"247.35769897299872","265.00000000036005"
"228.3679105151566","262.9999999996601"
"189.18613766972294","258.99999999982003"
"191.10850903016944","246.00000000033992"
"208.2106932396132","198.99999999987995"
"213.57005206872725","196.99999999995998"
"228.68748040741298","187.00000000036005"
"229.69261926870286","180.99999999982003"
"229.3052224248155","177.99999999993997"
"220.8381561621644","177.99999999993997"
"221.94787025776975","178.99999999990007"
"217.33832644802385","182.99999999974"
"219.28513618138493","183.99999999969998"
"217.4937048565647","178.99999999990007"
"226.21577449117478","171.00000000021998"
"230.11441365220196","159.99999999988006"
"222.54762609494924","131.00000000026"
"211.33518956380703","122.99999999979991"
"203.8091850785877","119.99999999991996"
"213.24377687267065","111.00000000028001"
"204.48624881147725","105.99999999969998"
"215.90816030779933","165.99999999964007"
"217.98141295539494","180.99999999982003"
"222.96481875958443","198.99999999987995"
"227.16737597902363","202.99999999972"
"216.30573639465774","199.99999999984004"
"221.23812025021334","198.99999999987995"
"210.40119923349812","195.00000000004002"
"217.080956983237","192.00000000015996"
"217.31784700522167","187.00000000036005"
"206.21304726646963","182.99999999974"
"224.6990370686533","181.99999999978002"
"228.51984068971308","184.99999999965996"
"248.34953605843828","183.99999999969998"
"249.6413840134693","185.99999999961994"
"247.0761801267704","189.00000000028"
"247.12851154469035","191.00000000019998"
"247.6005966683241","188.00000000032003"
"239.12503468724174","181.99999999978002"
"235.86332851738416","173.00000000014006"
"220.78516699549618","119.99999999991996"
"198.90134392976313","137.00000000002"
"200.0950357655039","134.00000000013995"
"209.29351691555894","119.99999999991996"
"207.51151535375357","128.00000000037994"
"199.6466280453899","174.00000000010004"
"208.79710192327275","187.00000000036005"
"211.58415237670306","209.00000000026"
"231.27155257516438","214.00000000006003"
"228.17786482989925","212.00000000013995"
"227.3756981530354","210.00000000021998"
"221.8471915204259","204.99999999963995"
"216.4574630874621","199.99999999984004"
"208.6806908195225","196.0"
"214.6821856371074","189.00000000028"
"222.57489726918425","184.99999999965996"
"224.26888090564285","181.99999999978002"
"229.16533279018927","181.99999999978002"
"226.8680974346007","184.99999999965996"
"221.49586337172525","187.00000000036005"
"213.614790815657","187.00000000036005"
"216.91394338204407","183.99999999969998"
"211.81364705338422","179.99999999986005"
"217.45840440742631","168.00000000034004"
"207.96791565234753","112.00000000024"
"204.3292382145604","89.00000000038006"
"207.56281398668477","38.00000000007992"
"202.59581597067904","31.000000000359933"
"195.6616676883658","14.000000000260002"
"203.9944704562938","37.00000000011994"
"207.03177730692914","158.99999999992008"
"195.53279850580338","176.00000000002"
"190.57391573065763","184.99999999965996"
"200.02082380070885","185.99999999961994"
"213.6235632479311","182.99999999974"
"193.08083591830302","176.99999999998"
"207.12229183943612","157.9999999999601"
"196.9794484958545","154.00000000012005"
"204.89657482429038","149.00000000031991"
"213.46007918341172","151.00000000024"
"240.12920572536927","129.00000000033992"
"252.4660208872126","217.99999999989996"
"218.49172104531635","195.00000000004002"
"213.08031137630428","197.99999999991996"
"208.21662327704485","197.99999999991996"
"217.75540070835518","195.00000000004002"
"217.11326835855505","194.00000000008004"
"218.3054262910365","200.99999999980002"
"203.72567751278177","182.99999999974"
"196.34937717297828","175.00000000006003"
"199.07257604156257","165.99999999964007"
"191.247295741092","171.00000000021998"
"198.94348798307453","175.00000000006003"
"195.32042342397563","168.00000000034004"
"159.60691904173234","176.99999999998"
"116.82531231648875","181.99999999978002"
"144.25681777456896","190.00000000024"
"145.4870353496009","183.99999999969998"
"144.79501192347345","182.99999999974"
"172.08587651257835","171.00000000021998"
"173.69949362366424","161.99999999980002"
"174.73486951668463","153.00000000015996"
"171.797110414166","145.99999999966008"
"166.2318180390123","143.99999999974"
"184.0149946348139","148.00000000035993"
"192.36878907905862","174.00000000010004"
"192.17051600162472","185.99999999961994"
"192.17051600162472","192.00000000015996"
"208.38654451534","189.00000000028"
"202.35777890665497","182.99999999974"
"225.44261059831342","178.99999999990007"
"221.22993937999047","86.99999999967997"
"227.96614782875145","86.99999999967997"
"230.46841101260407","87.99999999963995"
"207.43917196938855","87.99999999963995"
"214.81248006555927","122.99999999979991"
"221.95086688385334","224.99999999961994"
"207.80058455972858","204.99999999963995"
"192.36007618650513","216.99999999993997"
"194.61665569889976","220.99999999978002"
"229.9000752267085","218.99999999985994"
"226.4849472188124","217.99999999989996"
"230.98863870184584","215.00000000002"
"219.74788547207493","214.00000000006003"
"217.9953795479306","212.00000000013995"
"219.74788547207493","210.00000000021998"
"232.56015825291536","210.00000000021998"
"239.31949918900546","209.00000000026"
"262.13089297697593","239.99999999980002"
"265.26624565029374","240.99999999976"
"253.56764314034695","243.99999999964007"
"278.8888912293122","309.00000000015996"
"271.97937499564534","310.00000000011994"
"249.30887089997316","245.00000000037994"
"244.87768168487298","241.99999999972"
"232.61096557510666","212.00000000013995"
"225.67627045563404","212.00000000013995"
"224.4107511275795","211.00000000017997"
"230.0304979160892","212.00000000013995"
"235.3841419724937","246.00000000033992"
"252.8610069423787","260.99999999974"
"276.4869348071294","310.00000000011994"
"323.6148902332261","343.00000000036"
"338.9714871682062","480.00000000034004"
"315.5096849301083","458.99999999962"
"298.24148974752273","450.99999999994"
"292.8471460567291","429.00000000004"
"302.9883233602472","362.00000000038"
"300.7792509491622","371.99999999998"
"274.39113563874935","339.99999999970004"
"280.47222339819035","338.99999999973994"
"273.0297910543143","310.00000000011994"
"276.63889812236795","311.00000000008004"
"277.536167226935","310.00000000011994"
"274.9740293795609","301.99999999965996"
"262.7762324344909","300.9999999997"
"232.24178763642192","255.9999999999401"
"249.76005919496913","236.99999999991996"
"229.23282665593615","209.00000000026"
"227.12434951313412","216.99999999993997"
"229.652237632077","213.00000000009993"
"249.31856779048815","212.00000000013995"
"248.4135155578839","213.00000000009993"
"251.48904962657048","214.00000000006003"
"245.22139862403571","215.99999999998"
"241.9535468583657","227.00000000032003"
"223.6150817727746","242.99999999968009"
"207.54107518136118","246.00000000033992"
"198.79777127990542","245.00000000037994"
"225.30130141806342","241.99999999972"
"224.33951878015932","238.99999999984004"
"205.79896497047662","232.00000000011994"
"211.9147985001715","237.99999999987995"
"205.61875819067393","245.00000000037994"
"213.81694004900146","219.99999999981992"
"218.41023891961981","217.99999999989996"
"225.82953850897331","250.00000000017997"
"243.91157794282162","249.00000000021998"
"263.60670914237505","249.00000000021998"
"287.9971314508029","250.00000000017997"
"280.5520215512365","246.00000000033992"
"263.24460834171","248.00000000026"
"251.568520394551","246.00000000033992"
"221.76647460261927","213.00000000009993"
"235.36418793200892","209.00000000026"
"239.38841928846398","209.00000000026"
"236.80752072057908","209.00000000026"
"222.36956380901302","214.00000000006003"
"231.28662708903016","215.99999999998"
"239.94026517668885","217.99999999989996"
"262.22240779679464","251.00000000014006"
"265.2321860223735","287.00000000026"
"261.86101335613694","287.00000000026"
"244.99987139040354","296.99999999985994"
"251.88840610095326","287.00000000026"
"234.060106365166","238.99999999984004"
"227.80207965806187","246.00000000033992"
"210.43623327011198","243.99999999964007"
"203.29248561889926","241.99999999972"
"202.79545834332384","241.99999999972"
"222.36525280181525","243.99999999964007"
"219.85554702216484","242.99999999968009"
"212.23646945671976","239.99999999980002"
"206.978556394081","236.99999999991996"
"215.73067475772496","237.99999999987995"
"197.0597395265221","209.00000000026"
"183.2445778084615","199.99999999984004"
"195.54553103111095","208.00000000030002"
"208.52331074478536","201.99999999976"
"199.18992983247222","201.99999999976"
"205.71749154560746","199.99999999984004"
"198.2984446108063","199.99999999984004"
"205.76809122643192","203.99999999967997"
"209.49303910909077","207.00000000034004"
"208.8855979069873","210.00000000021998"
"187.7117959073122","212.00000000013995"
"188.0039868474447","216.99999999993997"
"205.08291603083217","219.99999999981992"
"204.7021533734221","218.99999999985994"
"196.59710416672942","216.99999999993997"
"205.18903495423388","215.99999999998"
"199.26165482274075","215.99999999998"
"193.09363623032573","211.00000000017997"
"191.4088888314726","213.00000000009993"
"197.18724245552505","215.00000000002"
"202.05969140403124","215.99999999998"
"207.33829195226883","216.99999999993997"
"203.59824246900553","219.99999999981992"
"188.81615481152005","218.99999999985994"
"177.42336889231262","217.99999999989996"
"182.3522630894155","214.00000000006003"
"199.91731004084772","210.00000000021998"
"192.65069396085698","204.99999999963995"
"194.15546332864506","203.99999999967997"
"195.21550679501433","202.99999999972"
"180.69430473444208","201.99999999976"
"183.4665659398221","201.99999999976"
"182.8607563294819","200.99999999980002"
"172.18564093273926","206.00000000038006"
"167.5576788217935","213.00000000009993"
"157.34354042655184","218.99999999985994"
"189.81747171857455","218.99999999985994"
"196.81274744487132","216.99999999993997"
"193.19986534755208","214.00000000006003"
"193.70091007827727","212.00000000013995"
"209.53632320119448","210.00000000021998"
"175.35023799744522","208.00000000030002"
"183.22276916543387","208.00000000030002"
"207.10127344527496","212.00000000013995"
"225.53773123504436","215.00000000002"
"231.2138085841168","220.99999999978002"
"235.66712489469114","240.99999999976"
"245.7377115037067","242.99999999968009"
"235.78206111065344","237.99999999987995"
"232.95878375057487","220.99999999978002"
"228.3724394219937","226.00000000035993"
"224.1187657595069","224.99999999961994"
"229.75841354608133","223.99999999965996"
"227.4352134087884","224.99999999961994"
"216.38303600408108","226.00000000035993"
"216.46066562062663","226.00000000035993"
"215.60739598513464","223.99999999965996"
"203.98686303391696","212.00000000013995"
"206.33705882036406","215.00000000002"
"203.56259084423584","237.99999999987995"
"209.07474702736283","228.00000000028"
"190.61549354561146","228.00000000028"
"175.83475086022793","224.99999999961994"
"177.4935400858509","199.99999999984004"
"177.40581567476545","190.00000000024"
"187.2719901981684","183.99999999969998"
"188.95350004236093","192.00000000015996"
"194.88737489624646","215.99999999998"
"223.3282149613641","240.99999999976"
"229.79913966919833","240.99999999976"
"215.28420853459818","241.99999999972"
"196.54604689723328","240.99999999976"
"190.5541530226668","226.00000000035993"
"196.17416281108376","215.00000000002"
"177.67821036122916","185.99999999961994"
"171.6537318187451","97.00000000006003"
"166.14428106508342","89.00000000038006"
"161.6425434102191","89.00000000038006"
"179.89206510629606","87.99999999963995"
"195.21587903432578","97.00000000006003"
"194.19416229655542","99.99999999993997"
"192.59664925542575","97.00000000006003"
"202.09140990119408","165.99999999964007"
"202.5082929916632","200.99999999980002"
"206.46230754737564","209.00000000026"
"206.19633587696342","216.99999999993997"
"211.43435133162643","217.99999999989996"
"220.2287676175979","178.99999999990007"
"209.92775281775266","172.00000000018008"
"204.63078823392755","169.00000000030002"
"217.61396494409894","174.00000000010004"
"217.672718166825","184.99999999965996"
"222.758281775025","202.99999999972"
"219.95770764899032","216.99999999993997"
"216.25269873727643","224.99999999961994"
"208.18037152798206","222.99999999969998"
"208.99066215524056","215.00000000002"
"213.0218854009778","200.99999999980002"
"216.7203022435998","176.00000000002"
"213.87098354650618","129.00000000033992"
"204.1323373396732","104.99999999974"
"205.2786360344354","90.00000000034004"
"217.0616727066698","85.99999999971999"
"219.1984003175703","105.99999999969998"
"203.6063618328826","221.99999999974"
"201.1492409516154","226.00000000035993"
"202.49512546470623","235.99999999995998"
"195.37265906898654","235.99999999995998"
"207.48690405897526","235.0"
"254.4016890966252","235.99999999995998"
"235.17433723370107","234.0000000000399"
"237.62356307982918","233.00000000007992"
"246.5919534338866","233.00000000007992"
"252.66127502330596","231.00000000015996"
"267.9976670770608","226.00000000035993"
"305.95207848852414","228.00000000028"
"281.95399899679387","227.00000000032003"
"266.204891864641","231.00000000015996"
"261.57902855203156","235.99999999995998"
"259.53292261118804","234.0000000000399"
"248.29424322149123","231.00000000015996"
"227.99647551781413","215.99999999998"
"215.00374793390904","212.00000000013995"
"217.53716097980384","208.00000000030002"
"211.42981383247843","209.00000000026"
"220.28769309419374","211.00000000017997"
"218.82675661108522","212.00000000013995"
"226.51382502394972","217.99999999989996"
"252.54764647659533","245.00000000037994"
"291.66419866822343","375.99999999982003"
"303.43207816718814","307.00000000024"
"290.0700506858996","307.00000000024"
"280.83013850425505","307.00000000024"
"265.1447291048895","436.99999999972"
"264.2436183775711","375.99999999982003"
"265.6978399448951","458.99999999962"
"258.85961319832404","304.00000000036005"
"256.9323611687373","302.99999999962"
"261.8574907665786","302.99999999962"
"269.8497150638058","304.00000000036005"
"269.9736947536611","304.00000000036005"
"266.77608808490584","304.00000000036005"
"263.010979738773","304.00000000036005"
"258.46763360254613","306.00000000028"
"243.6017466504544","304.00000000036005"
"227.1365052947383","245.00000000037994"
"221.3866621187924","241.99999999972"
"219.8783316863396","217.99999999989996"
"218.157903254467","217.99999999989996"
"217.32984268856512","240.99999999976"
"223.46839221515563","290.00000000014006"
"238.98762586566932","294.99999999994"
"256.7757882626802","307.00000000024"
"276.97506435235215","311.00000000008004"
"284.97468939708335","475.99999999972"
"285.47272639901837","461.00000000032"
"288.92697249594295","453.99999999982"
"284.66243744965533","471.99999999988"
"308.19449226624346","311.00000000008004"
"308.11412389298937","392.99999999992"
"315.9874205864688","311.00000000008004"
"292.508521710148","308.0000000002"
"291.7577325239262","308.0000000002"
"288.59558753955315","308.0000000002"
"280.86008816685256","310.00000000011994"
"277.464612775231","308.0000000002"
"287.256978023953","308.0000000002"
"304.2067570855483","307.00000000024"
"281.05350771882337","294.99999999994"
"260.86208834717013","291.00000000010004"
"245.7373892032665","292.00000000006"
"237.85029183211213","291.00000000010004"
"230.35324293835117","262.9999999996601"
"224.32983764406424","240.99999999976"
"215.04650826039676","262.9999999996601"
"223.43837620934517","295.99999999989996"
"260.3041117193379","309.00000000015996"
"290.84523628851395","375.99999999982003"
"303.1503021726777","469.99999999996004"
"306.47086915974296","313.0"
"295.92662678840804","375.99999999982003"
"300.8268196800177","312.00000000004"
"301.64075237807987","310.00000000011994"
"277.0939131627537","309.00000000015996"
"263.3036695742737","295.99999999989996"
"242.66747302477154","239.99999999980002"
"235.69135889933204","245.00000000037994"
"256.9786098363835","288.00000000022"
"293.8113982975416","290.00000000014006"
"285.1630135093378","289.00000000017997"
"276.10653231082546","293.00000000002"
"276.75259503347036","287.00000000026"
"260.8129215527665","263.99999999962006"
"250.9208402067402","237.99999999987995"
"251.7718987225452","311.00000000008004"
"233.1460084617554","290.00000000014006"
"225.12923988994032","245.00000000037994"
"221.39229652745746","243.99999999964007"
"225.89896590089688","243.99999999964007"
"248.9702518984733","279.99999999976"
"237.78039325526026","272.00000000008"
"262.0593994717848","285.00000000034004"
"289.89825634740333","313.0"
"301.7911293016354","378.9999999997"
"304.80303005196475","313.99999999996"
"291.51758981373996","313.0"
"267.62432901792045","310.00000000011994"
"255.91890840337328","310.00000000011994"
"264.7312514221902","309.00000000015996"
"262.4757582018374","308.0000000002"
"256.3444971467061","284.00000000038"
"267.94982147403493","307.00000000024"
"299.8482392533185","313.99999999996"
"306.63267640224944","313.0"
"311.2567877989177","313.99999999996"
"319.56805400656106","338.99999999973994"
"304.5827693119235","311.00000000008004"
"276.46422290076356","282.99999999963995"
"254.94605925925327","278.9999999998"
"215.952426520406","241.99999999972"
"205.32234598258435","235.0"
"209.54154432135738","227.00000000032003"
"213.09146055393","229.00000000024"
"200.05243211064646","227.00000000032003"
"185.5390891948905","220.99999999978002"
"178.09462519364627","222.99999999969998"
"176.73568055848727","230.00000000019998"
"194.39884604779877","239.99999999980002"
"201.11747164669475","238.99999999984004"
"188.82564948393247","233.00000000007992"
"183.33083627170663","231.00000000015996"
"187.6490375410143","229.00000000024"
"166.92008515967154","218.99999999985994"
"174.8339734529918","215.99999999998"
"172.96029809762433","206.00000000038006"
"194.11514338722338","218.99999999985994"
"212.67293779739748","231.00000000015996"
"225.5456885866572","233.00000000007992"
"206.25650711505943","236.99999999991996"
"218.18756674306326","238.99999999984004"
"207.6209217088408","235.99999999995998"
"218.6601732763114","233.00000000007992"
"197.4737025265439","236.99999999991996"
"182.89902988472977","230.00000000019998"
"183.71381123453398","219.99999999981992"
"190.15762662593409","204.99999999963995"
"198.23041909599317","209.00000000026"
"221.2133034614784","237.99999999987995"
"223.30944750470155","252.00000000010004"
"252.97933138878216","321.99999999964"
"273.6849776603369","433.99999999984"
"287.8215237616529","371.99999999998"
"281.6853676065305","360.99999999964"
"269.70648773056524","313.99999999996"
"227.12620414763592","298.99999999978"
"219.4643707366995","262.9999999996601"
"218.0723119571312","253.00000000006003"
"219.7207074646401","243.99999999964007"
"226.11454912486738","239.99999999980002"
"233.28652278668392","240.99999999976"
"251.67528212225363","241.99999999972"
"263.42018803705673","240.99999999976"
"261.71557029388316","246.00000000033992"
"260.1598533993915","254.99999999998"
"248.496106738344","243.99999999964007"
"241.03404498856992","236.99999999991996"
"228.18025596050495","237.99999999987995"
"212.40271074122836","236.99999999991996"
"205.66531890577915","235.0"
"225.90899819037884","235.0"
"214.7690356168556","237.99999999987995"
"214.09955655993156","242.99999999968009"
"232.36465176896672","284.00000000038"
"278.5202968623811","371.99999999998"
"293.31135222603234","574.9999999996601"
"278.7997521195647","460.00000000036"
"270.18372517266647","392.99999999992"
"267.08216257019546","376.99999999978"
"278.28963852933384","354.99999999988"
"257.4994038601325","337.99999999977996"
"272.1477054403763","320.99999999968"
"270.4706123757173","315.99999999988"
"279.6847233581535","305.00000000032003"
"288.1326772502743","313.0"
"273.9754476529501","320.99999999968"
"267.75238375935464","319.99999999972005"
"270.64812967976167","338.99999999973994"
"275.0096777181586","317.99999999979997"
"266.16385819025834","320.99999999968"
"206.3607165593337","256.99999999990007"
"170.71741798794415","239.99999999980002"
"184.48406397598967","235.99999999995998"
"197.7332113814066","234.0000000000399"
"189.83125588850112","235.0"
"186.48547838568322","246.00000000033992"
"190.00018559172906","263.99999999962006"
"233.92091283727655","311.00000000008004"
"295.0011372822805","428.00000000008004"
"298.5181498548259","525.0000000001"
"292.1796782924294","503.0000000002"
"303.14949422862543","502.00000000024"
"284.2544091415228","487.00000000006"
"252.09479545174565","370.00000000006"
"255.97645428826922","354.99999999988"
"252.45223896498305","325.0000000003"
"257.44967095781624","325.0000000003"
"269.46299123802316","324.00000000034"
"258.2767991575124","334.9999999999"
"268.85026962505015","382.00000000036"
"280.5851666380282","327.00000000022"
"277.76952172314753","337.99999999977996"
"264.887989259195","311.00000000008004"
"261.7444868371613","293.99999999998"
"238.27552000696335","243.99999999964007"
"232.07421537509583","235.99999999995998"
"229.52712790920032","234.0000000000399"
"220.546721460065","229.00000000024"
"232.44327863809076","228.00000000028"
"227.85073363938068","235.99999999995998"
"231.76190493235868","239.99999999980002"
"228.03777775884248","262.9999999996601"
"238.50375421610784","311.00000000008004"
"234.652497458428","320.99999999968"
"222.4564551512351","309.00000000015996"
"215.5928134326541","298.99999999978"
"215.80148494389016","284.00000000038"
"226.45838238636532","279.99999999976"
"228.01906378277704","279.99999999976"
"220.12385399469827","277.99999999984004"
"237.7222616384032","262.9999999996601"
"232.65554479313937","258.99999999982003"
"224.597636881398","290.00000000014006"
"258.616122462597","281.99999999967997"
"246.51663938400918","278.9999999998"
"264.72515444404667","263.99999999962006"
"230.69177161477114","261.9999999997"
"213.89435785598153","252.00000000010004"
"194.795508110358","234.0000000000399"
"215.14038059629524","228.00000000028"
"211.01068760864177","227.00000000032003"
"202.95409689969426","226.00000000035993"
"201.2450877081319","226.00000000035993"
"182.24605465302864","230.00000000019998"
"190.6030108289683","237.99999999987995"
"223.32469818200866","280.99999999972"
"250.53140761986504","311.00000000008004"
"274.7868624249871","345.00000000027995"
"265.2323179403877","345.00000000027995"
"266.2729373152408","356.99999999979997"
"274.9509440243726","356.99999999979997"
"302.0419821667923","336.99999999982"
"305.80690911385744","320.99999999968"
"307.7310672952018","335.99999999986"
"307.53902017498825","311.00000000008004"
"306.2309440341106","312.00000000004"
"299.1792936112252","312.00000000004"
"306.6211593414524","311.00000000008004"
"304.27081471740564","309.00000000015996"
"301.3623700956149","308.0000000002"
"303.4772361782829","308.0000000002"
"287.1630213403838","262.9999999996601"
"258.59822914761105","235.0"
"208.36213323284278","237.99999999987995"
"192.98616174278288","236.99999999991996"
"186.87764780081795","235.0"
"194.26335502249015","231.00000000015996"
"185.33960276704","231.00000000015996"
"179.4662691401751","230.00000000019998"
"180.75555640174719","237.99999999987995"
"201.3833127104392","282.99999999963995"
"239.62673222112153","289.00000000017997"
"276.98479486140997","312.00000000004"
"268.7962483879354","327.00000000022"
"251.86811684813267","312.00000000004"
"262.79735934502935","272.00000000008"
"248.76946435595346","258.99999999982003"
"260.3360331120058","261.9999999997"
"269.5811231355945","266.00000000032003"
"257.3480530738782","269.00000000020003"
"269.2339643349064","279.99999999976"
"285.9555223738775","262.9999999996601"
"292.52137573130517","293.99999999998"
"294.6039236207026","312.00000000004"
"296.44825184651773","312.00000000004"
"284.7209740342017","292.00000000006"
"246.72894261908368","237.99999999987995"
"259.91520455183354","235.0"
"226.39650013187668","235.0"
"214.03808771978333","234.0000000000399"
"220.767590839881","232.00000000011994"
"220.57280688700894","231.00000000015996"
"218.60992101155682","230.00000000019998"
"203.1101039772243","226.00000000035993"
"253.79954135950243","237.99999999987995"
"259.35025656584855","261.9999999997"
"275.33711712469307","277.99999999984004"
"292.51762417259107","297.99999999982003"
"296.59578241932513","308.0000000002"
"297.37740188336375","287.00000000026"
"280.9998777197304","245.00000000037994"
"220.7482238612605","231.00000000015996"
"215.5727421094224","224.99999999961994"
"232.27773018340338","233.00000000007992"
"292.99376586566586","258.99999999982003"
"313.5033337300579","309.00000000015996"
"308.88733890595904","335.99999999986"
"299.8432264501706","313.0"
"312.11646802199925","398.99999999967997"
"250.8583608184017","281.99999999967997"
"235.79654493096666","239.99999999980002"
"217.54783129690338","228.00000000028"
"212.4861307715255","227.00000000032003"
"216.53047589866617","228.00000000028"
"214.2402492575368","228.00000000028"
"217.32885173974523","231.00000000015996"
"216.51587987793334","282.99999999963995"
"244.26104630899874","394.99999999984"
"294.4885770481034","433.99999999984"
"317.3544623063907","499.00000000036"
"304.0743486580654","488.99999999998"
"292.3557144636797","425.00000000020003"
"293.4637916646939","315.99999999988"
"266.58281181287623","313.0"
"268.06720641095194","397.99999999972"
"289.205222766429","371.00000000002"
"264.7204683300938","313.0"
"278.8498932543513","290.00000000014006"
"303.70843703631016","332.99999999998005"
"311.688022218656","338.99999999973994"
"282.7729090690028","320.99999999968"
"277.372914887817","375.99999999982003"
"264.69087984397424","372.99999999994"
"257.99885380571993","332.00000000002007"
"212.72232602583347","233.00000000007992"
"203.48668896486663","227.00000000032003"
"200.22072541393482","224.99999999961994"
"200.37118048948605","223.99999999965996"
"202.40231073112204","223.99999999965996"
"204.1777973583944","227.00000000032003"
"202.7289383947799","235.0"
"209.1631819228479","280.99999999972"
"270.51381851292666","437.99999999967997"
"275.93463666425674","469.99999999996004"
"276.1735312229797","446.00000000014"
"270.2208696840585","312.00000000004"
"271.6839480326921","293.99999999998"
"251.81032049211387","286.0000000003"
"262.83201816919825","282.99999999963995"
"254.34022634585472","262.9999999996601"
"246.61915504358353","263.99999999962006"
"255.00934604144675","252.00000000010004"
"273.1430409118882","291.00000000010004"
"283.6021649051715","291.00000000010004"
"297.6552511860451","309.00000000015996"
"310.09163278956646","310.00000000011994"
"298.010537587928","310.00000000011994"
"291.42287964719816","291.00000000010004"
"253.05782568076359","243.99999999964007"
"260.6314582256184","274.99999999996"
"249.9126662004768","242.99999999968009"
"257.53524065204897","245.00000000037994"
"269.78843850821926","247.00000000030002"
"281.17931934767364","259.99999999978"
"284.66726949901886","276.99999999988006"
"334.7801330565846","334.9999999999"
"365.2742188221785","385.00000000024"
"357.1522239319254","445.00000000018"
"340.0010158859477","372.99999999994"
"337.05576274733863","371.00000000002"
"329.6467130844837","352.99999999996004"
"319.58497893520297","309.00000000015996"
"289.3641228149214","307.00000000024"
"307.7835214680098","309.00000000015996"
"304.1060121129611","307.00000000024"
"321.0964976237424","306.00000000028"
"338.34308764331405","339.99999999970004"
"352.5104866767949","375.99999999982003"
"345.32512165651815","375.99999999982003"
"305.3082560370996","399.99999999964"
"295.23387316599786","343.00000000036"
"286.04603785561443","317.99999999979997"
"235.3325260272053","279.99999999976"
"197.95262048956022","223.99999999965996"
"201.31857681725762","215.99999999998"
"202.83018314393917","200.99999999980002"
"191.79765618394026","191.00000000019998"
"198.67464190666863","185.99999999961994"
"207.11556852827027","222.99999999969998"
"198.43957472766192","274.99999999996"
"231.44196146318097","319.99999999972005"
"230.3877677205836","334.9999999999"
"243.49320445138903","327.00000000022"
"237.55728847366356","317.99999999979997"
"247.29333755813832","305.00000000032003"
"250.8397314581107","287.00000000026"
"240.29848153848707","279.99999999976"
"213.5510900612934","272.00000000008"
"243.86407521072033","276.99999999988006"
"245.7584036579052","272.00000000008"
"244.3620315836556","269.00000000020003"
"260.2468428451393","269.00000000020003"
"266.3291019476519","288.00000000022"
"235.32843583150748","300.9999999997"
"243.8423522773926","281.99999999967997"
"205.3470503660741","235.0"
"200.27354117096365","221.99999999974"
"190.80738600847963","214.00000000006003"
"196.97340299209952","210.00000000021998"
"204.78070900872706","209.00000000026"
"198.15713884593083","210.00000000021998"
"209.62448812882235","215.00000000002"
"210.8170653679747","215.99999999998"
"196.03539518203797","228.00000000028"
"193.04430110425812","245.00000000037994"
"204.04435129068827","255.9999999999401"
"206.40445128477677","245.00000000037994"
"228.0160462516809","242.99999999968009"
"227.027732409671","237.99999999987995"
"223.00544456223042","238.99999999984004"
"212.60819031642473","230.00000000019998"
"218.6249396687233","221.99999999974"
"235.3416010047183","218.99999999985994"
"243.68482375668873","218.99999999985994"
"262.11589618954736","218.99999999985994"
"277.63370689787905","220.99999999978002"
"284.07782562080183","221.99999999974"
"280.2215242224103","229.00000000024"
"286.20141595856785","262.9999999996601"
"271.13331570089207","237.99999999987995"
"233.6190051289716","217.99999999989996"
"214.13118113024188","215.00000000002"
"200.24286535598844","211.00000000017997"
"204.57540995101544","210.00000000021998"
"206.59323254099263","211.00000000017997"
"220.2080657135101","213.00000000009993"
"200.00149845179806","240.99999999976"
"175.29998809799417","240.99999999976"
"158.18615034289678","287.00000000026"
"206.67681544212417","289.00000000017997"
"225.6739878067683","289.00000000017997"
"229.01206281452312","289.00000000017997"
"231.19019837642634","287.00000000026"
"243.21767878840456","268.00000000024"
"233.53270456320263","213.00000000009993"
"235.37649348491288","204.99999999963995"
"238.28377377026573","196.99999999995998"
"239.92487902317794","208.00000000030002"
"244.03698752017124","238.99999999984004"
"239.50213253254924","278.9999999998"
"246.4303636916893","235.99999999995998"
"249.82843609298357","233.00000000007992"
"253.36436778716654","235.0"
"246.98357819604973","233.00000000007992"
"238.78540991980208","207.00000000034004"
"233.47958330825918","172.00000000018008"
"227.00687953372744","151.00000000024"
"225.86109954845006","149.00000000031991"
"228.99032407934396","140.99999999985994"
"228.60868718006236","134.00000000013995"
"228.40369706019362","131.00000000026"
"229.74346120722828","137.00000000002"
"230.7418416704677","143.99999999974"
"223.26070023323575","159.99999999988006"
"216.87496292861783","181.99999999978002"
"213.97390974670247","184.99999999965996"
"217.77152029533852","189.00000000028"
"177.62585735436255","163.99999999972"
"189.61422944875926","91.00000000030002"
"179.62928901272016","91.00000000030002"
"180.3403648535966","154.00000000012005"
"194.39340644507297","152.00000000019998"
"218.93494602826286","172.00000000018008"
"243.3453224715406","193.00000000012005"
"231.08338125414048","198.99999999987995"
"216.8149193531034","203.99999999967997"
"207.33381080462357","209.00000000026"
"213.68903786036356","197.99999999991996"
"219.02638506318726","187.00000000036005"
"229.63261786013913","189.00000000028"
"224.42306698680738","184.99999999965996"
"213.63107920062725","185.99999999961994"
"214.2495487541098","189.00000000028"
"202.00702194298435","196.0"
"209.4562741761232","236.99999999991996"
"226.47032793662868","277.99999999984004"
"305.5578451187172","301.99999999965996"
"335.79989198613833","302.99999999962"
"337.97227022776895","302.99999999962"
"344.9341218497452","306.00000000028"
"343.8463047236821","306.00000000028"
"329.26637794018774","306.00000000028"
"323.85880826326917","307.00000000024"
"307.5028777806131","306.00000000028"
"268.2431096024271","288.00000000022"
"244.3799675965056","288.00000000022"
"255.8018306471995","289.00000000017997"
"287.43208169848424","302.99999999962"
"285.6714297586211","290.00000000014006"
"280.08512365709424","287.00000000026"
"274.38187857043","288.00000000022"
"250.46154782103451","262.9999999996601"
"224.82741083164115","235.0"
"225.07705707976436","192.00000000015996"
"214.93254415052058","174.00000000010004"
"228.1535286323376","156.00000000004002"
"222.70100952207463","124.99999999971999"
"203.2371741812833","111.00000000028001"
"196.03181607211695","126.99999999963995"
"197.14493971272555","160.99999999984004"
"203.7254918490686","237.99999999987995"
"195.48378318766595","245.00000000037994"
"183.54334769343245","238.99999999984004"
"173.55480870017573","237.99999999987995"
"162.2545189617274","236.99999999991996"
"166.58065730237126","208.00000000030002"
"192.0884099914648","168.00000000034004"
"196.2405928810257","164.99999999967997"
"203.28714996686972","162.99999999976"
"199.53366319717566","160.99999999984004"
"220.95332355973892","176.99999999998"
"238.40281549032875","237.99999999987995"
"232.08184009424883","237.99999999987995"
"240.10364413392017","238.99999999984004"
"243.93119689805167","260.99999999974"
"238.3564860312364","245.00000000037994"
"215.80546585621948","235.99999999995998"
"208.9563268415851","203.99999999967997"
"205.2722839136593","188.00000000032003"
"201.84705597956292","185.99999999961994"
"211.51984714652133","180.99999999982003"
"220.0978424748879","183.99999999969998"
"211.10484732566965","192.00000000015996"
"231.68517719663714","286.0000000003"
"305.6836159887546","300.9999999997"
"323.37522305094257","301.99999999965996"
"313.2231410230973","301.99999999965996"
"301.780501535917","430.0"
"288.3276403885431","301.99999999965996"
"268.9603804230211","301.99999999965996"
"288.1007789340794","301.99999999965996"
"280.83154510388914","300.9999999997"
"267.95676228213836","296.99999999985994"
"255.6516236901548","296.99999999985994"
"267.65562037218956","297.99999999982003"
"286.34383455546697","296.99999999985994"
"295.81933999843017","296.99999999985994"
"284.0406034030924","296.99999999985994"
"281.46941630697296","297.99999999982003"
"270.10915720450333","297.99999999982003"
"237.77546805116822","296.99999999985994"
"219.75884158385657","249.00000000021998"
"210.97115555418713","248.00000000026"
"209.97721637223447","247.00000000030002"
"223.4328041518247","247.00000000030002"
"251.8296234524587","250.00000000017997"
"243.91940367409143","278.9999999998"
"271.1625488546048","297.99999999982003"
"330.08481806121637","469.99999999996004"
"347.34631109528345","519.0000000003399"
"346.5553700276895","508.99999999996"
"348.43245688039735","462.00000000028"
"333.6825538691619","450.99999999994"
"309.46189643103116","408.0000000001"
"302.7756790924664","395.99999999979997"
"300.20279211268667","394.99999999984"
"292.0973312356989","297.99999999982003"
"284.55724718076317","297.99999999982003"
"290.85094577822593","300.9999999997"
"298.7308029650022","297.99999999982003"
"292.15470557541175","296.99999999985994"
"304.30634341545755","408.0000000001"
"303.245893678514","377.99999999974"
"301.13430878221584","339.99999999970004"
"260.27040757662076","248.00000000026"
"216.8245544905974","240.99999999976"
"186.9532836377075","236.99999999991996"
"167.49790246451403","235.0"
"166.46563977236428","214.00000000006003"
"154.5579070116106","215.99999999998"
"171.28786980477423","220.99999999978002"
"188.16735047423504","239.99999999980002"
"271.69224933519695","295.99999999989996"
"282.42801760152815","313.0"
"280.0404783063903","337.99999999977996"
"278.025255911123","343.00000000036"
"266.77534289392145","320.99999999968"
"247.65453693965128","300.9999999997"
"216.5673828712563","285.00000000034004"
"207.75839174912164","271.00000000012"
"186.79939965016126","241.99999999972"
"180.89482238596815","231.00000000015996"
"189.98270987352544","231.00000000015996"
"182.2388091962008","229.00000000024"
"187.14246661875188","226.00000000035993"
"179.90911448329848","224.99999999961994"
"176.9709424779321","226.00000000035993"
"179.00542248924512","223.99999999965996"
"188.48971274924725","215.99999999998"
"183.2930369261228","219.99999999981992"
"179.4998906824461","209.00000000026"
"175.96484489587567","208.00000000030002"
"189.2245081339347","203.99999999967997"
"190.52559063001036","208.00000000030002"
"173.39802611458504","196.99999999995998"
"151.8595636700843","214.00000000006003"
"138.14192922654797","222.99999999969998"
"148.51572161807178","223.99999999965996"
"152.38124300173956","228.00000000028"
"180.28035762058244","229.00000000024"
"177.1301207976686","229.00000000024"
"178.04961472072455","228.00000000028"
"190.32662694365547","226.00000000035993"
"202.02156297206238","223.99999999965996"
"197.2876161980796","222.99999999969998"
"202.90132562447639","224.99999999961994"
"196.82504925950957","228.00000000028"
"208.68631735942313","235.0"
"216.20130660345546","234.0000000000399"
"214.21911841479584","235.99999999995998"
"214.01657141527778","234.0000000000399"
"233.32440488258078","275.99999999991996"
"210.73808840956212","240.99999999976"
"199.2648869184386","232.00000000011994"
"195.86218292907427","226.00000000035993"
"190.2585723091836","215.00000000002"
"192.87401323827964","209.00000000026"
"190.7017170795084","185.99999999961994"
"192.30777438719997","195.00000000004002"
"179.37852231542104","190.00000000024"
"187.10269735177894","211.00000000017997"
"184.2584378985664","221.99999999974"
"194.81640057073514","228.00000000028"
"208.32884266418603","235.0"
"225.45597244099463","249.00000000021998"
"223.29339494330156","247.00000000030002"
"184.62863056565777","222.99999999969998"
"184.19164059271804","221.99999999974"
"186.43573499427032","216.99999999993997"
"178.04748315421602","204.99999999963995"
"193.37051320988257","237.99999999987995"
"245.54412311895362","265.00000000036005"
"311.83575527391446","293.99999999998"
"301.9792436170615","291.00000000010004"
"305.7026755522235","291.00000000010004"
"291.351507581757","290.00000000014006"
"270.1764368391348","275.99999999991996"
"243.0756087797729","261.9999999997"
"226.41028552551109","233.00000000007992"
"219.56284533395558","238.99999999984004"
"206.76462856391356","217.99999999989996"
"207.1433081927869","221.99999999974"
"235.37267074254078","237.99999999987995"
"304.99510489420373","333.99999999994003"
"327.1719407252948","427.00000000012"
"331.2666987276323","437.99999999967997"
"332.51327418404156","449.99999999998"
"335.8814018943868","443.00000000026"
"331.7391792337348","449.00000000002"
"327.351486467433","438.99999999964"
"319.37573135584154","388.00000000012005"
"317.9679062130704","377.99999999974"
"324.9635984858616","362.00000000038"
"297.5364757895367","351.99999999999994"
"309.5444931500302","357.99999999976"
"340.72201701849195","379.99999999965996"
"328.5472288723399","398.99999999967997"
"329.85532254506245","382.00000000036"
"325.4948526401445","392.99999999992"
"320.1896249420472","372.99999999994"
"272.6208401193973","290.00000000014006"
"259.4561094063172","265.00000000036005"
"235.03629472068224","255.9999999999401"
"222.6146585615985","246.00000000033992"
"239.63602551078827","245.00000000037994"
"250.69641674234356","246.00000000033992"
"241.72529827480628","249.00000000021998"
"263.62224973317996","293.00000000002"
"269.22104716609255","352.99999999996004"
"285.78510119488067","371.99999999998"
"259.53132645752714","319.99999999972005"
"258.88668691336636","294.99999999994"
"252.93913921494243","294.99999999994"
"234.10463104274254","291.00000000010004"
"243.58657603739982","274.0"
"254.3760577899534","270.00000000016"
"279.0886777392265","271.00000000012"
"291.5942884981317","286.0000000003"
"313.77547716189855","323.00000000038"
"328.29466821164874","354.99999999988"
"336.5848583623844","363.00000000034"
"319.02983192280624","371.00000000002"
"330.9035331094755","339.99999999970004"
"316.18337997092596","309.00000000015996"
"265.71028227687975","251.00000000014006"
"244.14054096000723","268.00000000024"
"251.75667308168852","250.00000000017997"
"235.3570727976753","232.00000000011994"
"231.4726535805379","213.00000000009993"
"230.40884621693021","231.00000000015996"
"242.17669540400198","269.00000000020003"
"310.6750655698525","351.00000000003996"
"335.7870615012203","408.0000000001"
"341.74713990380434","415.99999999978"
"339.2667243686634","453.99999999982"
"342.15309968477607","438.99999999964"
"339.1960229287164","452.99999999986"
"317.07597630138196","429.00000000004"
"310.83513535925977","410.00000000001995"
"306.5972505890581","395.99999999979997"
"301.47240381725646","372.99999999994"
"296.5403616939041","356.99999999979997"
"324.7792872174073","382.00000000036"
"331.03250985218176","387.00000000015996"
"340.75624761356346","392.99999999992"
"339.5096833595739","410.00000000001995"
"330.3148868319685","427.00000000012"
"321.7547565206978","392.99999999992"
"310.21017789762254","329.00000000014"
"311.76724856099855","304.00000000036005"
"257.64665381584075","268.00000000024"
"234.51201390589063","246.00000000033992"
"225.85326669118353","227.00000000032003"
"233.33975327627206","245.00000000037994"
"236.29119599415276","263.99999999962006"
"298.3505085822174","355.99999999984"
"276.3339824181659","392.99999999992"
"274.12348081887035","390.00000000004"
"260.4958039113528","360.99999999964"
"244.71001239902068","348.00000000016"
"231.37520713702145","343.00000000036"
"250.01111763430004","345.00000000027995"
"241.21428403358595","293.00000000002"
"251.67163982021214","289.00000000017997"
"261.906843234289","249.00000000021998"
"260.9471091361056","274.0"
"288.8333292265786","288.00000000022"
"280.3649132629527","285.00000000034004"
"297.66363827179157","288.00000000022"
"302.6225117786843","282.99999999963995"
"309.3647379461093","289.00000000017997"
"298.06876259371836","250.00000000017997"
"258.38415240547397","212.00000000013995"
"223.42154666380816","198.99999999987995"
"206.14502014685388","184.99999999965996"
"202.13643604154822","180.99999999982003"
"202.7511131658481","165.99999999964007"
"205.53535716259785","177.99999999993997"
"203.6037448289652","213.00000000009993"
"216.6100747152808","219.99999999981992"
"279.5992516878956","300.9999999997"
"264.08880710630524","293.99999999998"
"256.2059630190764","290.00000000014006"
"240.4734100929419","290.00000000014006"
"208.0458660451095","262.9999999996601"
"201.81587299305625","249.00000000021998"
"215.31556822180664","221.99999999974"
"201.2277691721432","220.99999999978002"
"205.50685090745822","217.99999999989996"
"192.46918306618954","216.99999999993997"
"201.24586214898136","216.99999999993997"
"216.6360874871582","216.99999999993997"
"214.6894568637557","213.00000000009993"
"205.62777367342608","201.99999999976"
"172.19158831762297","200.99999999980002"
"172.57131301517757","196.0"
"161.46920405128526","179.99999999986005"
"157.8540436886484","183.99999999969998"
"145.63226026032874","165.99999999964007"
"144.77750374726315","159.99999999988006"
"145.2258346169","154.00000000012005"
"154.4048135850552","156.00000000004002"
"164.9408733957232","151.00000000024"
"165.77512559481534","168.00000000034004"
"166.0141811969578","181.99999999978002"
"183.74087158858356","188.00000000032003"
"204.64219825909947","193.00000000012005"
"198.71143769736204","199.99999999984004"
"208.27376983816907","200.99999999980002"
"183.33784259041795","197.99999999991996"
"172.1965355490654","200.99999999980002"
"190.21450776592633","201.99999999976"
"192.48747174985022","190.00000000024"
"187.77843430176108","190.00000000024"
"194.2918694044929","203.99999999967997"
"210.08551385665862","216.99999999993997"
"220.73814977571033","215.99999999998"
"225.6945994112897","213.00000000009993"
"216.26740768434706","219.99999999981992"
"227.573451942151","221.99999999974"
"219.52592253577495","221.99999999974"
"216.94301784974266","220.99999999978002"
"212.05899405696425","199.99999999984004"
"233.48516637168143","182.99999999974"
"209.29453261408253","177.99999999993997"
"200.4988421427015","182.99999999974"
"186.54465117383313","191.00000000019998"
"158.57624534254103","192.00000000015996"
"159.0733220932242","185.99999999961994"
"173.80071407118953","201.99999999976"
"174.26996621107605","214.00000000006003"
"171.41165788422722","220.99999999978002"
"168.67545025250809","229.00000000024"
"190.75154258642135","233.00000000007992"
"188.2264538093924","210.00000000021998"
"197.519825836339","193.00000000012005"
"191.88190398564961","181.99999999978002"
"182.62538300272934","187.00000000036005"
"229.0999947650572","226.00000000035993"
"225.4677011335982","290.00000000014006"
"265.1314603957187","293.99999999998"
"277.07050255898804","293.99999999998"
"234.3327279326321","293.99999999998"
"213.44646222885854","292.00000000006"
"183.33563804792868","255.9999999999401"
"160.67852620962037","215.00000000002"
"156.60172822736297","200.99999999980002"
"165.57718502153148","190.00000000024"
"174.51425414719154","184.99999999965996"
"169.62660225033187","187.00000000036005"
"167.21574008478387","204.99999999963995"
"188.14459003045795","224.99999999961994"
"184.77584280786675","254.99999999998"
"206.58090325976104","255.9999999999401"
"253.0693270640486","291.00000000010004"
"245.0134084182531","291.00000000010004"
"217.44563040316416","232.00000000011994"
"214.45091675550748","232.00000000011994"
"226.80875922538553","248.00000000026"
"240.13153578583228","262.9999999996601"
"264.264733275572","250.00000000017997"
"304.45129017260626","261.9999999997"
"302.4635564531048","363.00000000034"
"316.9489875957921","408.0000000001"
"316.3593992947036","451.99999999989996"
"326.13330217780793","503.0000000002"
"301.2373280110154","464.0000000002"
"275.38102854052966","414.99999999982003"
"270.8608042927697","336.99999999982"
"240.81197802378313","305.00000000032003"
"215.09551295417236","281.99999999967997"
"205.2343478926615","255.9999999999401"
"208.7540233020078","243.99999999964007"
"211.55913852933247","251.00000000014006"
"202.24561314456093","273.00000000004"
"232.74915582599476","336.99999999982"
"274.96920796709037","401.00000000038"
"295.25213314002235","474.99999999976"
"288.05524920148173","449.99999999998"
"260.4290372281041","447.0000000001"
"243.49476708526265","453.99999999982"
"239.07665169598283","412.9999999999"
"229.97259603960208","424.00000000024"
"232.5569078285539","398.99999999967997"
"249.97501299135217","386.0000000002"
"276.12967631139287","371.99999999998"
"289.4572403756669","371.00000000002"
"300.4419144661217","392.99999999992"
"292.8169945813723","401.00000000038"
"308.9179415930486","377.99999999974"
"304.0985876194076","374.99999999986005"
"276.4928259772342","371.99999999998"
"262.98650847338354","308.0000000002"
"275.4232717247603","293.00000000002"
"234.2549683859802","255.9999999999401"
"228.4963796008759","245.00000000037994"
"220.340263556001","202.99999999972"
"231.93404676773957","202.99999999972"
"225.3728729584285","214.00000000006003"
"236.34086818294793","284.00000000038"
"279.58500389046645","353.99999999992"
"279.6934146950922","408.0000000001"
"256.9186190140124","390.00000000004"
"261.4477397029791","374.99999999986005"
"253.35612978981123","377.99999999974"
"217.10743183979525","331.00000000005997"
"189.9978716141136","287.00000000026"
"181.0999236423985","268.00000000024"
"170.36426897998672","257.99999999986005"
"183.8682077854885","248.00000000026"
"196.18710313197266","246.00000000033992"
"197.75141227266056","228.00000000028"
"187.88576749129595","221.99999999974"
"199.73225769725775","219.99999999981992"
"197.61513337046756","218.99999999985994"
"213.7865691241857","215.99999999998"
"196.3228676377405","206.00000000038006"
"191.33969411819476","194.00000000008004"
"187.50581413325642","178.99999999990007"
"196.83175659952553","174.00000000010004"
"196.40728075817253","169.00000000030002"
"187.76778142343233","164.99999999967997"
"187.4403833037892","163.99999999972"
"184.26625140708734","177.99999999993997"
"164.26443610511205","192.00000000015996"
"189.85386624668172","203.99999999967997"
"190.44942756752891","203.99999999967997"
"203.7286508949195","190.00000000024"
"199.72934843217251","191.00000000019998"
"198.3531005051584","180.99999999982003"
"182.58051397993881","174.00000000010004"
"188.477062160919","169.00000000030002"
"174.913369512052","167.00000000038006"
"178.14991384106577","173.00000000014006"
"187.77066514839498","191.00000000019998"
"197.04099450096498","207.00000000034004"
"213.3337618073814","281.99999999967997"
"220.2439755951657","207.00000000034004"
"238.77490557974977","210.00000000021998"
"218.87890304336645","214.00000000006003"
"218.2788027688739","207.00000000034004"
"210.86726436623178","209.00000000026"
"210.2823369473831","203.99999999967997"
"210.31304306651725","189.00000000028"
"209.33307742183604","176.99999999998"
"209.16408765493395","177.99999999993997"
"209.00552967122655","195.00000000004002"
"212.22407422752838","213.00000000009993"
"211.0959341091982","267.00000000028"
"247.52082912605636","309.00000000015996"
"238.1794275559581","314.99999999992"
"228.70677966981452","300.9999999997"
"216.45357064112682","287.00000000026"
"182.62523904164584","286.0000000003"
"164.13665693892312","235.99999999995998"
"165.53978483045887","216.99999999993997"
"170.43825656171407","214.00000000006003"
"181.9302533818386","218.99999999985994"
"214.21199707081553","287.00000000026"
"234.49584986724824","316.99999999984"
"225.49773800144317","289.00000000017997"
"228.7784235261986","288.00000000022"
"208.0923456331858","289.00000000017997"
"180.5023727805376","214.00000000006003"
"186.6257916163188","208.00000000030002"
"184.97984186399367","203.99999999967997"
"183.7571925955741","199.99999999984004"
"179.9923710283232","194.00000000008004"
"173.8928609202179","190.00000000024"
"164.4867373641962","184.99999999965996"
"158.63032872356553","192.00000000015996"
"164.7644247272732","198.99999999987995"
"176.4826141627284","222.99999999969998"
"181.20867168631298","262.9999999996601"
"172.99163974387443","281.99999999967997"
"186.31224757797668","270.00000000016"
"181.44744682855207","288.00000000022"
"207.61180155494276","296.99999999985994"
"198.02323523854386","274.0"
"199.96296220238264","259.99999999978"
"199.68441278283024","285.00000000034004"
"195.9164083094778","265.00000000036005"
"208.7282226658258","279.99999999976"
"222.78445820466857","318.99999999976"
"227.6710561211553","334.9999999999"
"224.5921045430308","311.00000000008004"
"221.56085131073905","316.99999999984"
"220.21482005960456","343.00000000036"
"210.09042803872057","285.00000000034004"
"206.157160412934","230.00000000019998"
"204.45223714174256","190.00000000024"
"201.68923633205566","173.00000000014006"
"202.61421176525153","157.9999999999601"
"198.38328465939094","150.00000000028"
"196.84571232710084","141.99999999982003"
"193.81689943821254","136.0000000000599"
"192.3930316775669","161.99999999980002"
"182.3281738707832","175.00000000006003"
"185.83860911163492","190.00000000024"
"179.15442058419615","191.00000000019998"
"181.9176505371122","196.0"
"195.0690684093372","176.99999999998"
"197.76084672855586","161.99999999980002"
"198.9275239526762","155.00000000008004"
"197.35817765337174","148.00000000035993"
"197.52852824859588","146.99999999962006"
"203.7051472246908","162.99999999976"
"205.49464859441287","194.00000000008004"
"209.69704091868152","238.99999999984004"
"210.17828728842403","274.99999999996"
"215.0894922990309","276.99999999988006"
"235.60853813255414","286.0000000003"
"211.3995400457793","222.99999999969998"
"208.2196761425272","174.00000000010004"
"207.87105949861075","148.00000000035993"
"204.57830627122087","140.99999999985994"
"210.9079212474577","111.00000000028001"
"207.62426909610235","120.99999999987995"
"209.91665088468858","161.99999999980002"
"219.34805785235653","292.00000000006"
"239.0385400092905","363.00000000034"
"271.2163825875681","410.00000000001995"
"249.74222777974296","414.99999999982003"
"238.34255952174772","407.00000000014"
"226.64843744502764","414.99999999982003"
"216.65251411970587","363.00000000034"
"225.36767117513716","299.99999999974"
"211.24563826599808","282.99999999963995"
"202.95375131460355","279.99999999976"
"213.05373733169927","279.99999999976"
"237.41079872789896","326.00000000026"
"259.5180590130566","363.00000000034"
"272.670899303048","352.99999999996004"
"252.51795160242352","336.99999999982"
"238.52954592381127","339.99999999970004"
"210.9572231934842","308.0000000002"
"206.34355416237884","201.99999999976"
"210.89805775685045","162.99999999976"
"204.2114852458875","155.00000000008004"
"206.8086582342561","150.00000000028"
"207.1786893769953","141.99999999982003"
"202.3637700402919","156.00000000004002"
"202.22323012401102","176.99999999998"
"211.51816797418314","328.00000000018"
"219.65537977801205","407.00000000014"
"252.1248342576306","413.99999999986"
"232.84145116532102","387.00000000015996"
"233.12103323565668","387.00000000015996"
"225.95699513724128","394.99999999984"
"218.80748326840046","393.99999999988"
"217.7384610381622","389.00000000008004"
"230.55760670868312","374.99999999986005"
"239.25416970195784","377.99999999974"
"231.7407746872392","372.99999999994"
"226.54365644701602","384.00000000028"
"254.8948925886798","410.00000000001995"
"260.85442193039034","407.00000000014"
"256.33538006164144","383.00000000032003"
"236.30643460855958","377.99999999974"
"234.8211704464278","313.0"
"212.59047898514552","236.99999999991996"
"204.67996633939435","156.00000000004002"
"206.49230876305398","135.00000000009993"
"205.52653150063713","133.00000000017997"
"202.23053163864176","130.00000000030002"
"202.1887507846876","131.00000000026"
"204.99610558623556","159.99999999988006"
"202.27085001359183","288.00000000022"
"202.1302646869117","378.9999999997"
"229.09351823256736","430.99999999996"
"219.3500474078901","436.99999999972"
"239.31299268122268","434.9999999998"
"214.66484605024266","410.99999999998"
"215.79255520249683","371.00000000002"
"226.59715742214985","355.99999999984"
"227.54619046586765","327.00000000022"
"242.199808771157","332.99999999998005"
"234.6615328298342","312.00000000004"
"230.50438294756555","334.9999999999"
"249.49040774531454","354.99999999988"
"251.20356072116795","353.99999999992"
"252.5020511769751","333.99999999994003"
"251.54709685564683","314.99999999992"
"243.44181141851482","289.00000000017997"
"218.92773182620567","253.00000000006003"
"233.87807512009567","252.00000000010004"
"235.48486027945592","251.00000000014006"
"241.5277248226289","230.00000000019998"
"240.4032027033346","190.00000000024"
"231.40615265255383","185.99999999961994"
"217.27097901225068","237.99999999987995"
"234.5173197336569","319.99999999972005"
"236.0443844933676","405.00000000022"
"267.32164932446074","424.00000000024"
"260.80123625729584","414.99999999982003"
"233.19553531583892","397.99999999972"
"239.2942662068009","404.00000000026"
"221.8706670097689","365.00000000025994"
"227.3406115557775","333.99999999994003"
"247.98556320927105","299.99999999974"
"214.7922945353829","289.00000000017997"
"212.96600650210075","293.99999999998"
"210.1456089883293","333.99999999994003"
"228.53356706282102","356.99999999979997"
"235.6925607588047","377.99999999974"
"234.27328044620572","362.00000000038"
"226.4664187264765","339.99999999970004"
"229.34670795152897","339.99999999970004"
"233.43074404397908","295.99999999989996"
"208.3577055067434","237.99999999987995"
"204.5325954993541","210.00000000021998"
"203.4550990795169","215.00000000002"
"204.77628374272024","195.00000000004002"
"208.82853708752475","201.99999999976"
"206.08163450372138","224.99999999961994"
"206.5181184556966","281.99999999967997"
"234.09667415495267","362.00000000038"
"248.54471729240868","402.00000000034"
"244.79908422016206","371.99999999998"
"254.0011133580059","336.99999999982"
"238.01964717223905","333.99999999994003"
"223.4872674289586","294.99999999994"
"216.21391571081688","291.00000000010004"
"203.77385342687978","275.99999999991996"
"202.93875240666216","262.9999999996601"
"207.1286469364478","268.00000000024"
"229.964694067275","288.00000000022"
"229.07950140775824","312.00000000004"
"226.65253173016163","316.99999999984"
"240.15695388588517","301.99999999965996"
"240.6803333309141","298.99999999978"
"243.34858548891623","329.00000000014"
"250.8039126924267","285.00000000034004"
"224.18040812000459","236.99999999991996"
"216.31140888227912","215.99999999998"
"215.14015836110423","187.00000000036005"
"215.36076132910796","187.00000000036005"
"214.05450823100307","195.00000000004002"
"207.45618502260413","195.00000000004002"
"205.62680102915226","195.00000000004002"
"201.4401384351587","236.99999999991996"
"198.8823362986227","271.00000000012"
"195.00269640363172","271.00000000012"
"195.23531569782938","236.99999999991996"
"195.81014863250903","208.00000000030002"
"190.7187985550571","171.00000000021998"
"192.409264729063","142.99999999978002"
"191.95858851975038","134.00000000013995"
"198.0157319756811","132.00000000021998"
"195.05867311977954","160.99999999984004"
"195.45912668016956","190.00000000024"
"197.99747716759282","252.00000000010004"
"208.5734831071611","307.00000000024"
"219.22743094971884","312.00000000004"
"221.95420040691283","319.99999999972005"
"217.0941106755596","332.00000000002007"
"212.1387436778066","268.00000000024"
"218.60416391461217","183.99999999969998"
"210.29750676828144","152.00000000019998"
"205.2442869591955","132.00000000021998"
"198.9926095418989","103.99999999978002"
"196.92791096023575","105.99999999969998"
"196.04418180388427","96.00000000010004"
"194.67215895450397","76.00000000012005"
"192.66771272775406","101.99999999985994"
"193.84018803541085","121.99999999983993"
"194.29537662788903","138.99999999993997"
"196.66063992933164","143.99999999974"
"196.5276989172679","159.99999999988006"
"182.58271415218235","150.00000000028"
"189.39825629619213","116.00000000008004"
"185.5591897493954","107.99999999961994"
"192.6977166448005","109.00000000036005"
"180.15761198296013","111.00000000028001"
"174.43715945803","135.00000000009993"
"178.69068683363457","180.99999999982003"
"188.7421385462012","247.00000000030002"
"192.36639219958056","267.00000000028"
"194.02597229620062","262.9999999996601"
"202.20046841100282","269.00000000020003"
"197.2547273820362","212.00000000013995"
"196.36145750700973","172.00000000018008"
"189.20671440086494","138.99999999993997"
"184.9117636308614","109.00000000036005"
"188.80365835217515","102.99999999982003"
"180.6723855230557","101.99999999985994"
"175.38325854965217","112.00000000024"
"170.3663010585152","155.00000000008004"
"155.5889207639965","193.00000000012005"
"157.93500712795253","208.00000000030002"
"171.75999147554728","203.99999999967997"
"160.80623957997352","196.0"
"158.8003118153673","210.00000000021998"
"167.59000747781056","207.00000000034004"
"163.10820613475653","180.99999999982003"
"170.00461450766886","165.99999999964007"
"175.60083060332488","158.99999999992008"
"180.5346254154873","153.00000000015996"
"170.09715678499515","173.00000000014006"
"185.38355269534838","224.99999999961994"
"202.1602847946201","223.99999999965996"
"211.1184061634283","202.99999999972"
"189.0822112305542","200.99999999980002"
"168.39016720593804","196.99999999995998"
"183.2245535024482","167.00000000038006"
"173.94645453206306","161.99999999980002"
"164.446087813678","154.00000000012005"
"204.52100379972273","148.00000000035993"
"176.45120393600473","139.99999999989996"
"244.3611144237949","143.99999999974"
"252.06256586824713","156.00000000004002"
"202.8818655992112","215.00000000002"
"239.48141075068077","371.00000000002"
"225.93683282621328","409.00000000005997"
"234.9294059040186","387.00000000015996"
"258.393928198088","349.00000000012"
"279.0931194009802","338.99999999973994"
"235.17432860709766","307.00000000024"
"224.59461892317836","294.99999999994"
"237.81055763763288","289.00000000017997"
"222.32744216824608","289.00000000017997"
"239.15623720503777","289.00000000017997"
"270.03367560298483","333.99999999994003"
"245.3766590265078","347.00000000020003"
"281.31534560574187","401.00000000038"
"286.8123216552083","371.99999999998"
"233.33881425639686","367.00000000018"
"254.2287631292504","355.99999999984"
"240.5998505254521","298.99999999978"
"196.23408917693962","270.00000000016"
"214.4464375732573","246.00000000033992"
"218.5566474695031","232.00000000011994"
"195.2005600800569","223.99999999965996"
"200.99395236545035","223.99999999965996"
"185.58675528934657","257.99999999986005"
"208.6092651152328","295.99999999989996"
"243.66779380494427","363.00000000034"
"276.04446981892744","394.99999999984"
"254.19090738665363","394.99999999984"
"245.8748943660089","412.9999999999"
"234.8749074529402","430.99999999996"
"214.989030166995","409.00000000005997"
"214.71955305552046","386.0000000002"
"207.507776644042","371.00000000002"
"212.2822106527707","356.99999999979997"
"222.91995080250103","349.00000000012"
"209.01657348108392","373.9999999999"
"236.57995863624467","391.99999999996"
"251.37753488238343","377.99999999974"
"264.0325392890803","320.99999999968"
"226.44919759320442","319.99999999972005"
"218.63471953444412","293.00000000002"
"207.11851458690057","291.00000000010004"
"187.5628377152027","291.00000000010004"
"186.26156436072063","212.00000000013995"
"186.4947886986397","196.0"
"192.03671512346762","193.00000000012005"
"188.86527729541626","194.00000000008004"
"187.43401154039782","217.99999999989996"
"193.3050394716863","337.99999999977996"
"211.6016633565074","394.99999999984"
"230.19218618563787","434.9999999998"
"219.0074356777809","429.00000000004"
"229.453707840197","430.99999999996"
"238.6397740408962","426.00000000016"
"239.62586914475264","419.99999999962"
"231.67191235413884","421.00000000036"
"235.3802642938914","409.00000000005997"
"263.1637398423993","401.00000000038"
"255.47346898794626","371.99999999998"
"251.06832911458582","392.99999999992"
"244.76593017872767","370.00000000006"
"249.29680927119125","321.99999999964"
"264.1509107815075","293.99999999998"
"253.06777140819293","293.00000000002"
"208.77949048927258","293.00000000002"
"196.9245750635116","216.99999999993997"
"210.5570388330368","213.00000000009993"
"199.97492644308738","192.00000000015996"
"203.1582678289284","177.99999999993997"
"199.76333246734748","175.00000000006003"
"185.63642274068206","173.00000000014006"
"168.14809837394364","191.00000000019998"
"162.17977808509488","254.99999999998"
"177.5744278161984","351.99999999999994"
"193.1265831640353","391.0"
"199.98426944794426","409.00000000005997"
"183.4569342735889","371.99999999998"
"173.56601475638365","364.00000000029996"
"177.30908614215002","317.99999999979997"
"185.49293551761866","286.0000000003"
"201.0460088602929","256.99999999990007"
"196.87038360707902","238.99999999984004"
"191.75062311379577","249.00000000021998"
"209.27866439903755","259.99999999978"
"228.2501698334388","254.99999999998"
"264.50287679393","216.99999999993997"
"240.04822541773262","211.00000000017997"
"226.1658768826892","208.00000000030002"
"231.83813623670255","215.00000000002"
"235.9757704131422","190.00000000024"
"222.46761577064512","206.00000000038006"
"224.89401947980673","202.99999999972"
"230.8465344995426","189.00000000028"
"220.56896980171268","177.99999999993997"
"226.8303858020421","173.00000000014006"
"215.45914286623645","176.00000000002"
"189.80866133405618","195.00000000004002"
"196.86624416248378","200.99999999980002"
"207.0502853169205","219.99999999981992"
"208.05128396888688","242.99999999968009"
"209.84871972944688","237.99999999987995"
"198.71516047338048","239.99999999980002"
"211.7880886568198","204.99999999963995"
"209.10993833579198","182.99999999974"
"212.00485794858548","176.99999999998"
"171.01566123148143","174.00000000010004"
"172.30634974884254","183.99999999969998"
"174.90247517692455","219.99999999981992"
"191.74267295600475","212.00000000013995"
"208.74637924857905","210.00000000021998"
"232.08161041172661","201.99999999976"
"231.20829523214388","197.99999999991996"
"214.26314689541107","209.00000000026"
"222.73333265145743","196.99999999995998"
"221.00595054377607","187.00000000036005"
"233.100718539152","177.99999999993997"
"218.54546242942206","160.99999999984004"
"224.67778065607274","148.00000000035993"
"211.30729264351203","137.00000000002"
"200.19729018996668","133.00000000017997"
"188.58551582996665","137.99999999998"
"178.85381585393645","155.00000000008004"
"171.0995371365724","177.99999999993997"
"160.94527833521647","199.99999999984004"
"189.45458753569505","218.99999999985994"
"176.82070727815528","229.00000000024"
"209.35996827575013","231.00000000015996"
"208.04182507199766","227.00000000032003"
"216.21118559062018","215.00000000002"
"213.0663185564498","208.00000000030002"
"211.9068283812826","217.99999999989996"
"228.5694925723203","253.00000000006003"
"227.3066621015697","289.00000000017997"
"245.2966049316451","268.00000000024"
"244.8159091231637","262.9999999996601"
"238.37331947301493","284.00000000038"
"222.8316004020004","269.00000000020003"
"212.5739674023905","241.99999999972"
"205.88785240988307","215.99999999998"
"206.99201927912543","183.99999999969998"
"209.4526138012601","182.99999999974"
"201.48761545705122","173.00000000014006"
"207.77445773160582","174.00000000010004"
"212.23369229384923","185.99999999961994"
"213.01764434021027","267.00000000028"
"243.45841602116093","382.00000000036"
"260.44663855086435","489.99999999994"
"259.2817100571748","494.99999999974"
"243.3537945365955","520.0000000003"
"242.47363480370382","541.00000000024"
"256.3234510887173","494.99999999974"
"258.9310697401479","473.9999999998"
"251.11699692917534","430.0"
"242.4700580236281","368.00000000014"
"257.56598104599493","335.99999999986"
"255.1136482244833","345.00000000027995"
"248.6640544876684","335.99999999986"
"254.17749812610896","291.00000000010004"
"229.58652536224565","288.00000000022"
"211.23913299143146","285.00000000034004"
"212.6650304431496","255.9999999999401"
"217.16719823153358","217.99999999989996"
"206.75603108801727","184.99999999965996"
"207.71321706540584","180.99999999982003"
"209.49552522064698","179.99999999986005"
"210.95108336498845","164.99999999967997"
"201.6483881811862","158.99999999992008"
"206.62716477490903","183.99999999969998"
"187.01684180918983","212.00000000013995"
"193.31678871648035","288.00000000022"
"233.8349858608375","309.00000000015996"
"209.92481509084382","332.00000000002007"
"231.46694873758406","343.00000000036"
"232.6449831715786","318.99999999976"
"212.49592546690735","304.00000000036005"
"208.44759802389262","285.00000000034004"
"204.36405739330178","274.99999999996"
"201.2156296831206","272.00000000008"
"210.42078096407488","263.99999999962006"
"237.13450935640537","268.00000000024"
"239.5690548272329","260.99999999974"
"252.72916100935618","254.99999999998"
"250.75022975364482","235.0"
"234.39468368926805","228.00000000028"
"211.61459135933364","239.99999999980002"
"212.03450836710795","215.00000000002"
"200.1288783795576","199.99999999984004"
"198.72621149188308","184.99999999965996"
"197.01408411710668","192.00000000015996"
"199.72397331414925","198.99999999987995"
"199.82489654564313","236.99999999991996"
"202.84883701795104","237.99999999987995"
"224.87733097698856","291.00000000010004"
"242.0843465892616","380.99999999961994"
"267.5370614490479","409.00000000005997"
"271.41352409916385","424.00000000024"
"265.41910927211165","333.99999999994003"
"266.47843543743306","355.99999999984"
"261.9279008247279","326.00000000026"
"263.759655727162","436.99999999972"
"280.1372146428126","444.00000000022"
"261.97679861552433","401.00000000038"
"259.9208716035323","393.99999999988"
"261.6022819194869","394.99999999984"
"297.9167328653267","378.9999999997"
"287.42134275092485","371.99999999998"
"285.3052663238185","346.00000000024005"
"252.25904791239907","334.9999999999"
"246.614020564194","353.99999999992"
"191.17538853594397","282.99999999963995"
"176.68904275664806","253.00000000006003"
"178.91345679427025","238.99999999984004"
"184.15087866534884","231.00000000015996"
"182.33371775790295","202.99999999972"
"176.02286803283562","174.00000000010004"
"178.737770308147","181.99999999978002"
"181.9158504747479","238.99999999984004"
"231.3094893431014","295.99999999989996"
"232.8875518947965","326.00000000026"
"232.97549640216937","296.99999999985994"
"225.8188198377028","290.00000000014006"
"237.56494267623816","294.99999999994"
"218.47512711313084","290.00000000014006"
"188.95780236623273","290.00000000014006"
"187.3123728377924","284.00000000038"
"187.6256618022444","276.99999999988006"
"198.12577589291084","282.99999999963995"
"232.7886949290015","314.99999999992"
"227.21071057739152","351.99999999999994"
"255.2271006763442","349.00000000012"
"257.8442214402131","296.99999999985994"
"248.52899804220124","309.00000000015996"
"233.148237622328","336.99999999982"
"197.01172230880377","253.00000000006003"
"204.8481905298338","183.99999999969998"
"196.24998237803345","174.00000000010004"
"206.41888086458755","157.0"
"195.9755452725792","148.00000000035993"
"199.12917694817952","146.99999999962006"
"203.8284251139272","182.99999999974"
"217.32795451791299","217.99999999989996"
"261.65536089958914","295.99999999989996"
"292.2690765883658","365.00000000025994"
"296.0353923700414","364.00000000029996"
"309.29788927023515","355.99999999984"
"299.1542408139702","356.99999999979997"
"298.3300054961438","341.99999999962"
"272.2600394314657","305.00000000032003"
"235.24082411079598","285.00000000034004"
"230.80608241379446","274.99999999996"
"225.08115879309617","272.00000000008"
"252.25823743651858","312.00000000004"
"258.8483114120546","334.9999999999"
"264.25680878559467","300.9999999997"
"247.78363833680532","288.00000000022"
"226.87760152574845","287.00000000026"
"218.5782364450149","245.00000000037994"
"218.5782364450149","182.99999999974"
"209.41071984807547","178.99999999990007"
"207.80501230673644","164.99999999967997"
"214.08603448371684","137.00000000002"
"209.7029263861699","118.0"
"219.3719677440256","107.99999999961994"
"202.76411037940886","91.00000000030002"
"192.79144105838031","121.99999999983993"
"184.96746175186775","151.00000000024"
"178.04145009132878","179.99999999986005"
"194.94312989444063","184.99999999965996"
"184.16842028805968","187.00000000036005"
"185.63631132004787","181.99999999978002"
"169.34048785752793","175.00000000006003"
"184.30600439446152","161.99999999980002"
"201.2558417373392","161.99999999980002"
"183.74551363370438","159.99999999988006"
"181.0155083500191","158.99999999992008"
"179.33736326525002","169.00000000030002"
"186.69724451242212","182.99999999974"
"184.59335270976442","181.99999999978002"
"172.9859938218583","178.99999999990007"
"172.91629464602534","177.99999999993997"
"173.2648107471391","180.99999999982003"
"170.8958920650599","174.00000000010004"
"185.17358768059557","156.00000000004002"
"185.246124945529","138.99999999993997"
"197.2661186676694","92.00000000026"
"189.23047331995951","83.99999999980002"
"196.89123540113485","85.99999999971999"
"190.15336925440147","83.99999999980002"
"185.66657058911676","85.99999999971999"
"182.88396476593323","99.99999999993997"
"183.57943792706624","152.00000000019998"
"185.74389162444731","169.00000000030002"
"200.59780834607773","176.00000000002"
"190.46296004575345","187.00000000036005"
"190.62955096147311","187.00000000036005"
"187.00715320622385","182.99999999974"
"181.26627396810045","180.99999999982003"
"187.35686906423382","177.99999999993997"
"192.15446377791648","178.99999999990007"
"196.5322335215301","196.99999999995998"
"199.96467694937712","239.99999999980002"
"206.6113609319084","279.99999999976"
"217.06237845743465","282.99999999963995"
"208.21714406622596","282.99999999963995"
"211.62581988078978","284.00000000038"
"194.23286847066345","256.99999999990007"
"171.4331724360503","231.00000000015996"
"166.18473529564528","174.00000000010004"
"154.76754643555864","181.99999999978002"
"159.56132090079393","157.0"
"162.33721749974904","150.00000000028"
"168.53709471844263","175.00000000006003"
"201.89836910444876","293.99999999998"
"231.0091592741678","371.00000000002"
"271.74921584777115","448.00000000005997"
"266.6933239211613","467.00000000008"
"270.80489177290633","454.99999999978"
"273.5286190703737","462.00000000028"
"255.22713436688082","425.00000000020003"
"247.14245541714092","416.99999999974"
"225.90680235637456","366.00000000022"
"244.3728855183906","386.0000000002"
"250.22944151030754","364.00000000029996"
"255.12086691574746","368.00000000014"
"267.75552148009297","369.0000000001"
"268.6985633780108","401.00000000038"
"241.55172824275382","387.00000000015996"
"230.702775601977","364.00000000029996"
"224.5376925821239","383.00000000032003"
"217.91889797831436","310.00000000011994"
"215.01077343612008","278.9999999998"
"206.225355352556","259.99999999978"
"198.17949016777175","252.00000000010004"
"199.4283944473226","229.00000000024"
"200.73160273462145","231.00000000015996"
"197.18882235068747","253.00000000006003"
"197.29533135592885","341.99999999962"
"238.55007875881563","431.99999999992"
"260.90600912061734","430.99999999996"
"262.72056840400205","421.00000000036"
"268.1838987870992","415.99999999978"
"258.55734284220114","446.00000000014"
"250.20469863493543","448.00000000005997"
"257.2049845480732","450.99999999994"
"259.46242837434613","409.00000000005997"
"250.69213870812473","401.00000000038"
"246.25673787530116","387.00000000015996"
"241.1048269243429","393.99999999988"
"249.52557103759625","416.99999999974"
"252.48005076715958","394.99999999984"
"244.90437528420057","371.99999999998"
"245.49320518418926","371.99999999998"
"242.7861530408967","371.00000000002"
"235.3766469260471","312.00000000004"
"217.9735977324017","272.00000000008"
"218.50920768514436","250.00000000017997"
"202.70187187287183","232.00000000011994"
"200.7951452972368","215.99999999998"
"202.92287771584608","226.00000000035993"
"196.27213217305632","241.99999999972"
"191.6191456934231","324.00000000034"
"227.04848994831423","399.99999999964"
"272.0643590887455","454.99999999978"
"267.01207765196534","453.99999999982"
"262.72073715376666","479.00000000038"
"258.2610633929455","488.99999999998"
"238.4086264067306","454.99999999978"
"234.55372452082668","391.0"
"221.90615796542272","391.99999999996"
"199.38090846936245","365.00000000025994"
"207.36338056363127","350.00000000008"
"239.35335357170004","383.00000000032003"
"238.05390212280463","401.00000000038"
"245.34068833421122","394.99999999984"
"254.45192572883025","371.99999999998"
"222.37110754208754","352.99999999996004"
"260.0564883427355","327.00000000022"
"232.53002050258067","278.9999999998"
"189.55915660953963","180.99999999982003"
"223.19784332824565","168.00000000034004"
"216.21733633767894","158.99999999992008"
"185.36682054195205","156.00000000004002"
"218.70400186865527","157.0"
"207.02487231461043","171.00000000021998"
"203.3849485208999","269.00000000020003"
"261.147958037692","402.00000000034"
"270.11092442268983","462.00000000028"
"258.4531306449445","449.99999999998"
"280.5116245550035","410.99999999998"
"265.22729742484944","428.00000000008004"
"247.67073158134258","408.0000000001"
"295.0009213724638","409.00000000005997"
"278.24145860639067","391.0"
"233.99045695936115","360.99999999964"
"282.75722612348426","364.00000000029996"
"262.3421583449889","359.99999999967997"
"265.66054068903577","394.99999999984"
"302.0607113827669","418.99999999966"
"289.0865928630227","391.99999999996"
"260.738671387968","353.99999999992"
"269.1408666933736","351.00000000003996"
"260.3237351100388","295.99999999989996"
"201.98053931841503","254.00000000002"
"213.9877043642175","232.00000000011994"
"208.70452633470188","182.99999999974"
"197.95041006370275","181.99999999978002"
"215.15400325666724","188.00000000032003"
"200.19584978784292","208.00000000030002"
"186.15304304584606","274.99999999996"
"230.2308111125659","349.00000000012"
"269.74587964779073","394.99999999984"
"245.0568635966962","377.99999999974"
"239.2713982624016","364.00000000029996"
"228.07932695085015","352.99999999996004"
"210.0288991802056","330.0000000001"
"201.07720262274563","312.00000000004"
"192.22291586777374","296.99999999985994"
"232.07790850175388","293.00000000002"
"251.49414602356217","287.00000000026"
"238.33329373021218","306.00000000028"
"232.7851953331798","334.9999999999"
"239.16311062176896","280.99999999972"
"241.37678804644622","269.00000000020003"
"240.01004328706802","180.99999999982003"
"229.42969996784802","179.99999999986005"
"232.56898911394126","175.00000000006003"
"215.9083585347912","178.99999999990007"
"207.7487754264282","173.00000000014006"
"213.02796587107002","171.00000000021998"
"213.5315877401099","158.99999999992008"
"212.72599303303764","148.00000000035993"
"208.41564769405568","137.99999999998"
"196.29095930622418","155.00000000008004"
"194.1974788349272","193.00000000012005"
"203.11614269473773","231.00000000015996"
"211.04717325358195","237.99999999987995"
"215.03524875488176","229.00000000024"
"219.4035885204447","206.00000000038006"
"216.68359801883423","197.99999999991996"
"236.90120427784723","158.99999999992008"
"259.30597963749005","171.00000000021998"
"255.39793368484152","171.00000000021998"
"211.30172920601422","176.99999999998"
"223.77958817490105","207.00000000034004"
"254.8597114425736","253.00000000006003"
"275.0233466716552","279.99999999976"
"261.5550101638315","259.99999999978"
"248.45050732769676","251.00000000014006"
"248.53881079802215","268.00000000024"
"217.54245508000577","179.99999999986005"
"193.52468207888865","174.00000000010004"
"202.48538388692327","130.00000000030002"
"200.60506711200128","118.0"
"205.4186350110083","112.00000000024"
"193.41311747986845","87.99999999963995"
"184.96910795353472","76.00000000012005"
"187.9553181057487","79.0"
"184.78523066657272","89.00000000038006"
"194.80304610207702","100.99999999989996"
"184.2396674882823","137.99999999998"
"188.39197748378717","152.00000000019998"
"171.95038979820777","157.9999999999601"
"155.4255431235572","158.99999999992008"
"182.32845193863045","156.00000000004002"
"188.4806063706127","154.00000000012005"
"189.50360358561943","151.00000000024"
"189.97974856129667","118.99999999995998"
"191.53888845554934","170.00000000026"
"227.58145067017608","217.99999999989996"
"241.8782710771428","259.99999999978"
"277.1808816309774","269.00000000020003"
"285.9793263657698","281.99999999967997"
"273.61151255381793","352.99999999996004"
"271.59970552238656","309.00000000015996"
"221.55427789855298","268.00000000024"
"198.57532177473672","215.99999999998"
"212.4151030589926","152.00000000019998"
"203.92304550544372","135.00000000009993"
"201.14024590411236","140.99999999985994"
"193.30119548908044","164.99999999967997"
"206.65435118763776","281.99999999967997"
"240.70530638135222","371.99999999998"
"254.89054594781646","393.99999999988"
"257.2399272552907","386.0000000002"
"266.6386333031993","336.99999999982"
"269.5930385997","343.00000000036"
"257.4869878837685","289.00000000017997"
"235.60012580137118","274.99999999996"
"233.99992315949874","263.99999999962006"
"234.14539369498902","262.9999999996601"
"227.990680515323","259.99999999978"
"281.39913538913953","281.99999999967997"
"296.8746967871279","294.99999999994"
"289.42319580960367","349.00000000012"
"296.11704381720574","352.99999999996004"
"272.32117985832537","344.00000000032"
"257.9287733256921","371.00000000002"
"257.1178392970594","287.00000000026"
"259.5787433730974","245.00000000037994"
"250.87950723795586","236.99999999991996"
"266.18398495698943","237.99999999987995"
"258.4799376616835","230.00000000019998"
"253.47598539873502","234.0000000000399"
"236.57787941249364","243.99999999964007"
"237.75349623811496","313.99999999996"
"268.4780931410959","409.00000000005997"
"284.99024717677185","409.00000000005997"
"277.60085194908226","405.00000000022"
"296.80664443501735","442.0000000003"
"282.5088215202572","422.00000000032"
"270.12176915608956","402.00000000034"
"278.70888747565067","407.00000000014"
"291.7803493132033","394.99999999984"
"284.57704962435025","393.99999999988"
"301.9450012441707","387.00000000015996"
"301.2010220678381","412.9999999999"
"286.9414858612508","430.0"
"291.95643096622973","424.00000000024"
"291.79129867839623","378.9999999997"
"268.88592751200633","355.99999999984"
"302.18707859886615","386.0000000002"
"303.83276197046365","285.00000000034004"
"274.58396239156025","304.00000000036005"
"259.17701399236","274.99999999996"
"261.83363437390096","257.99999999986005"
"233.62468777669744","247.00000000030002"
"253.5005360725637","251.00000000014006"
"230.10201816506753","257.99999999986005"
"240.95380080757707","327.00000000022"
"281.66239715014956","438.99999999964"
"292.25323481041454","454.99999999978"
"281.96113401901295","483.00000000022004"
"280.25872289352816","473.9999999998"
"289.52828885691355","477.99999999964"
"291.6020639617558","454.99999999978"
"283.7999303316055","469.0"
"278.10780658703237","446.00000000014"
"253.45914252397154","412.9999999999"
"268.8713697073357","395.99999999979997"
"276.49295024792764","415.99999999978"
"253.92054319951922","394.99999999984"
"275.24717079778594","386.0000000002"
"278.52049346868097","409.00000000005997"
"266.1514249556128","352.99999999996004"
"278.7557505540215","356.99999999979997"
"273.5786432741456","333.99999999994003"
"283.9670428670038","312.00000000004"
"277.3542843661376","280.99999999972"
"267.66986852236255","267.00000000028"
"269.29977589018836","256.99999999990007"
"269.4073827792909","252.00000000010004"
"258.1072389098548","260.99999999974"
"260.3160562134667","311.00000000008004"
"282.5005231583435","408.0000000001"
"290.9874395164722","414.99999999982003"
"301.2870328661188","449.99999999998"
"306.2535467525804","454.99999999978"
"299.6023606967541","465.00000000015996"
"286.96325316948287","449.00000000002"
"266.6245368757295","416.99999999974"
"245.30784724110617","405.00000000022"
"272.96615583977973","402.00000000034"
"266.2626429667888","387.00000000015996"
"285.4417201689538","393.99999999988"
"291.41100718391317","401.00000000038"
"314.7078558838388","386.0000000002"
"324.513262498594","349.00000000012"
"300.56681127580504","337.99999999977996"
"313.5260689056634","344.00000000032"
"318.62638858904864","286.0000000003"
"284.24057936680646","268.00000000024"
"307.9700557837887","253.00000000006003"
"281.11346592397","163.99999999972"
"227.31169869179553","155.00000000008004"
"293.63466318738415","154.00000000012005"
"304.82544584846056","157.0"
"288.715982359716","263.99999999962006"
"358.41166957101734","332.00000000002007"
"338.0325779542173","390.00000000004"
"332.00510204857","374.99999999986005"
"328.8018201371713","335.99999999986"
"325.28436813889454","316.99999999984"
"299.8562238140187","292.00000000006"
"310.83629223284424","265.00000000036005"
"296.85189149646334","250.00000000017997"
"263.75228876135384","256.99999999990007"
"266.5995504514967","260.99999999974"
"318.21852702220355","307.00000000024"
"315.7634957705294","333.99999999994003"
"308.06016046840756","341.99999999962"
"309.933219522276","354.99999999988"
"309.91078376627615","323.00000000038"
"299.2972063205493","347.00000000020003"
"252.39553118493598","332.00000000002007"
"255.2126221093871","253.00000000006003"
"259.09255075027704","209.00000000026"
"232.15332173518414","180.99999999982003"
"244.03647919762648","153.00000000015996"
"220.0487326030193","145.99999999966008"
"203.41746762040634","145.99999999966008"
"208.38203839473454","149.00000000031991"
"192.02522944815223","154.00000000012005"
"191.08263598537394","248.00000000026"
"204.82393140228044","279.99999999976"
"170.15719264678785","262.9999999996601"
"175.6652497422957","245.00000000037994"
"164.5135349549396","167.00000000038006"
"160.18301568309926","163.99999999972"
"173.33237254544406","162.99999999976"
"196.54188573894612","163.99999999972"
"194.28006786941398","164.99999999967997"
"202.9695612063556","167.00000000038006"
"230.0211247395721","261.9999999997"
"254.70544659610448","279.99999999976"
"231.69034112821384","278.9999999998"
"248.72620641362607","280.99999999972"
"247.16530683567066","281.99999999967997"
"264.1310867322254","281.99999999967997"
"260.148135637937","239.99999999980002"
"234.2965272174731","159.99999999988006"
"206.91543721276264","139.99999999989996"
"193.518273833526","119.99999999991996"
"193.07849902405553","103.99999999978002"
"178.1804481933019","89.00000000038006"
"176.54720393591788","91.00000000030002"
"170.50541102836223","113.00000000019998"
"186.99389123581932","124.99999999971999"
"196.52305490072013","158.99999999992008"
"206.46672363180392","148.00000000035993"
"224.3525929007975","156.00000000004002"
"200.92761798685933","152.00000000019998"
"183.23527148257926","152.00000000019998"
"187.22697763791336","152.00000000019998"
"204.83120574175916","149.00000000031991"
"197.7995172529371","151.00000000024"
"190.60638569371974","157.9999999999601"
"193.87351612260193","163.99999999972"
"181.7263402259498","176.99999999998"
"197.38648504126627","175.00000000006003"
"187.64277399458638","175.00000000006003"
"192.34439801674876","228.00000000028"
"179.49915629772647","164.99999999967997"
"204.3362905902727","133.00000000017997"
"181.86742499309582","82.99999999984004"
"156.95264573560348","63.999999999820034"
"193.32071852022273","71.00000000032003"
"169.58853726103098","74.00000000020009"
"149.46170193125522","91.00000000030002"
"144.74782155703178","227.00000000032003"
"213.75801942118073","317.99999999979997"
"249.2497254585669","352.99999999996004"
"224.45070866011474","337.99999999977996"
"209.2960739221669","344.00000000032"
"219.60897678089657","360.99999999964"
"197.5697315032246","331.00000000005997"
"190.21013062798204","318.99999999976"
"189.08726836274525","276.99999999988006"
"185.76294916709253","266.00000000032003"
"166.64289866222452","254.99999999998"
"168.14371800483582","265.00000000036005"
"154.0242485376856","282.99999999963995"
"178.4323812558805","282.99999999963995"
"216.25597517251322","179.99999999986005"
"186.95281334732454","177.99999999993997"
"186.50495321874678","179.99999999986005"
"207.28702697243432","175.00000000006003"
"204.50349863829877","174.00000000010004"
"253.8892231918793","150.00000000028"
"224.8894110486383","131.00000000026"
"219.76747579450023","132.00000000021998"
"238.31323748024022","131.00000000026"
"211.56232580919016","167.00000000038006"
"222.91892492640204","247.00000000030002"
"225.56104928149955","320.99999999968"
"209.21917256828795","350.00000000008"
"209.58302060285882","327.00000000022"
"201.11016292586828","305.00000000032003"
"206.60748777660604","326.00000000026"
"221.62158936073286","306.00000000028"
"189.45413426553125","300.9999999997"
"187.03218479268332","285.00000000034004"
"186.8451371604002","285.00000000034004"
"174.1517383854524","275.99999999991996"
"190.1727997850502","287.00000000026"
"199.14755916936065","286.0000000003"
"224.09426166773937","288.00000000022"
"228.5044396114214","288.00000000022"
"230.7109809158178","288.00000000022"
"220.47369681900193","289.00000000017997"
"234.80834873464903","288.00000000022"
"197.98025962910845","176.99999999998"
"208.98237177142857","173.00000000014006"
"202.34477651671455","171.00000000021998"
"210.7210141419888","170.00000000026"
"198.09789338129258","170.00000000026"
"189.99843290377441","175.00000000006003"
"217.3668163948297","302.99999999962"
"259.7431653965333","398.99999999967997"
"264.08662728899264","396.99999999976"
"267.29768800580734","416.99999999974"
"303.9609942795336","409.00000000005997"
"305.52725241073574","444.00000000022"
"316.78578157588504","433.99999999984"
"290.7530631974095","452.99999999986"
"269.4007052195294","430.99999999996"
"259.35471363346267","410.00000000001995"
"262.922490976974","371.99999999998"
"264.0209552956162","391.0"
"268.0602197227523","424.00000000024"
"292.42821258583217","417.99999999970004"
"286.09439780123796","402.00000000034"
"274.9178844645327","395.99999999979997"
"269.5444799846452","409.00000000005997"
"265.06595016239044","364.00000000029996"
"251.56421939071606","290.00000000014006"
"217.42229513761333","277.99999999984004"
"212.01055361238957","257.99999999986005"
"228.7529554513942","223.99999999965996"
"248.72878683967906","236.99999999991996"
"259.1006889588847","259.99999999978"
"288.43047912207027","328.00000000018"
"301.77333501861665","397.99999999972"
"340.261425753499","454.99999999978"
"345.5840720310666","454.99999999978"
"346.7443629638713","462.00000000028"
"344.9495591778955","469.99999999996004"
"320.3548940529227","410.99999999998"
"313.3205908873508","390.00000000004"
"303.3852667373214","371.99999999998"
"298.1497113226001","368.00000000014"
"274.4476422091587","364.00000000029996"
"275.538434176054","379.99999999965996"
"275.0843407186633","387.00000000015996"
"273.9908194844984","371.99999999998"
"279.8929375703558","358.99999999972"
"278.0643890306909","341.99999999962"
"268.2134934184028","335.99999999986"
"238.16970330681454","287.00000000026"
"234.5124625696085","274.99999999996"
"196.553980069879","171.00000000021998"
"212.4750233466625","167.00000000038006"
"224.22453957508583","163.99999999972"
"223.50678650843167","163.99999999972"
"236.08146992983984","169.00000000030002"
"229.1705316043425","318.99999999976"
"260.37561973993854","394.99999999984"
"292.7640357533133","448.00000000005997"
"306.6402765475144","446.00000000014"
"322.90034281072894","418.99999999966"
"270.76011428271397","433.99999999984"
"255.5347968557087","402.00000000034"
"279.63016256015277","402.00000000034"
"295.7754948299589","334.9999999999"
"273.85516375424635","330.0000000001"
"307.43058417914915","341.99999999962"
"333.5725073590665","387.00000000015996"
"337.1008475393735","393.99999999988"
"329.35679266224275","393.99999999988"
"321.0915466550222","385.00000000024"
"301.25453761983596","340.99999999966"
"302.7392690688703","380.99999999961994"
"302.98023060040583","323.00000000038"
"268.1313018433034","293.99999999998"
"240.97224719972803","262.9999999996601"
"235.3869019112975","164.99999999967997"
"225.6173693283855","161.99999999980002"
"210.0251738793271","159.99999999988006"
"218.30374902445556","160.99999999984004"
"205.77233883187864","215.99999999998"
"209.80168575855532","259.99999999978"
"255.5097684820164","307.00000000024"
"268.4839499136475","325.0000000003"
"248.8703367358055","313.0"
"276.4911371183848","318.99999999976"
"275.408060961685","293.99999999998"
"232.8975374520635","237.99999999987995"
"253.51461828431104","208.00000000030002"
"251.6859259183317","233.00000000007992"
"291.6541158830262","257.99999999986005"
"258.7743448147246","293.00000000002"
"321.4568315538748","338.99999999973994"
"313.7540595122146","334.9999999999"
"306.0388173586607","318.99999999976"
"298.6486566929868","312.00000000004"
"292.13287960655623","336.99999999982"
"247.06684608151977","287.00000000026"
"243.8346699264324","253.00000000006003"
"229.42793751965598","188.00000000032003"
"216.45457555971393","158.99999999992008"
"222.03939176491235","140.99999999985994"
"221.86990254487125","123.99999999976"
"201.18834188992253","100.99999999989996"
"192.2195024260103","110.00000000032003"
"172.0638161938948","129.00000000033992"
"146.51175180884172","145.99999999966008"
"141.60652882837485","158.99999999992008"
"153.7892037806131","158.99999999992008"
"173.45332152120966","167.00000000038006"
"184.63519424950687","163.99999999972"
"202.29614669564626","149.00000000031991"
"211.62181156047802","154.00000000012005"
"201.78110558915307","151.00000000024"
"201.0090433394572","159.99999999988006"
"197.40649324257276","168.00000000034004"
"290.5633482471173","240.99999999976"
"330.81958796121455","271.00000000012"
"322.1752794543415","282.99999999963995"
"315.08622128931717","290.00000000014006"
"324.9675592882142","313.99999999996"
"275.2577633955851","273.00000000004"
"211.40650644416985","172.00000000018008"
"183.8649887146264","162.99999999976"
"195.29187945127512","154.00000000012005"
"199.6940668839702","145.99999999966008"
"203.27926206136863","132.00000000021998"
"172.51350396883151","157.0"
"164.86784358618797","174.00000000010004"
"188.98283717897164","318.99999999976"
"221.51151255420405","387.00000000015996"
"217.87609347981618","358.99999999972"
"276.94575839614623","394.99999999984"
"283.3445842059279","393.99999999988"
"290.76386867496467","309.00000000015996"
"321.3315424356113","422.00000000032"
"315.3086883632878","410.00000000001995"
"309.5271652182805","402.00000000034"
"315.2033005918149","394.99999999984"
"296.81833051051484","415.99999999978"
"291.5326241172327","437.99999999967997"
"293.7725616303527","393.99999999988"
"291.19802766613554","356.99999999979997"
"232.32968936443774","345.00000000027995"
"250.78456006037675","364.00000000029996"
"237.6219536457695","313.0"
"215.30129949296156","173.00000000014006"
"213.22649358361502","167.00000000038006"
"210.32228887927135","162.99999999976"
"217.79036596067738","160.99999999984004"
"205.83921614575468","160.99999999984004"
"193.65073213410597","171.00000000021998"
"232.8946966635815","309.00000000015996"
"266.4643328539772","409.00000000005997"
"308.1236115731406","446.00000000014"
"314.4977672169393","441.00000000034004"
"302.9183859649708","454.99999999978"
"327.9714803296174","454.99999999978"
"313.75669423606377","430.99999999996"
"290.2837797403257","454.99999999978"
"307.4050027591488","438.99999999964"
"292.2826202754634","416.99999999974"
"279.35196657189084","393.99999999988"
"290.4255341188875","414.99999999982003"
"287.77625685993127","398.99999999967997"
"290.9826439040082","421.00000000036"
"274.96524027014607","449.00000000002"
"282.9439137015596","409.00000000005997"
"287.43150651492596","371.00000000002"
"282.58076644936847","309.00000000015996"
"234.13675492174434","282.99999999963995"
"225.63569870416973","169.00000000030002"
"226.73889185623818","163.99999999972"
"227.2116367881464","157.9999999999601"
"227.68434025465854","157.0"
"214.06896951589954","169.00000000030002"
"261.3360100269101","308.0000000002"
"291.2902780134946","388.00000000012005"
"297.4778031278771","395.99999999979997"
"299.1777440766396","409.00000000005997"
"293.52513758137343","430.99999999996"
"316.05774095300296","437.99999999967997"
"269.61867197434407","408.0000000001"
"252.98614120826915","411.99999999994"
"254.85924996409403","393.99999999988"
"255.7326887412189","396.99999999976"
"265.0827319809998","394.99999999984"
"267.6059861461306","394.99999999984"
"276.53990293277036","414.99999999982003"
"274.4063078178403","397.99999999972"
"272.0546785966527","358.99999999972"
"272.98456500113025","328.00000000018"
"270.99092609078525","317.99999999979997"
"268.72721277807545","307.00000000024"
"235.00593104251584","167.00000000038006"
"222.1080348678555","154.00000000012005"
"240.41168962099448","146.99999999962006"
"223.384868202029","141.99999999982003"
"224.0244849687482","138.99999999993997"
"218.29781558855814","155.00000000008004"
"251.4883248370163","268.00000000024"
"259.67105175912593","371.99999999998"
"274.12267203648935","421.00000000036"
"295.00947288628186","430.0"
"286.7842797539791","416.99999999974"
"287.58498150852705","437.99999999967997"
"328.19759522192913","415.99999999978"
"322.4000999130756","415.99999999978"
"306.13264613485444","401.00000000038"
"300.9534489867452","338.99999999973994"
"289.40873509906186","379.99999999965996"
"313.7460207458503","396.99999999976"
"309.5114372399948","432.99999999988"
"300.3906682637911","352.99999999996004"
"320.04269591830246","308.0000000002"
"292.35549568254106","301.99999999965996"
"293.7285302276858","304.00000000036005"
"292.30729771043144","159.99999999988006"
"214.98250644222412","158.99999999992008"
"190.0606313307144","144.99999999969998"
"189.21781494847164","137.00000000002"
"183.00942073813144","125.99999999967997"
"187.5494024765885","124.99999999971999"
"177.66834519000258","142.99999999978002"
"179.52217985573748","161.99999999980002"
"255.32449353742777","309.00000000015996"
"292.1850117972988","430.99999999996"
"286.97264364826594","461.00000000032"
"333.5895491445101","494.99999999974"
"329.91101467935727","384.00000000028"
"322.45536742794434","454.99999999978"
"333.89951323502976","424.00000000024"
"329.6672003187202","358.99999999972"
"328.04878307723664","329.00000000014"
"330.8045550045991","324.00000000034"
"332.528587550784","350.00000000008"
"321.8748587185749","350.00000000008"
"311.1840080896532","324.00000000034"
"296.4457348327209","308.0000000002"
"291.03342483046083","309.00000000015996"
"263.55849801506747","349.00000000012"
"235.23288821322228","309.00000000015996"
"187.60630878506493","148.00000000035993"
"201.51284146863452","136.0000000000599"
"177.70054103959274","125.99999999967997"
"170.30601267370832","119.99999999991996"
"176.34507799562937","92.00000000026"
"176.57066725400705","95.00000000014006"
"194.9642873906505","134.00000000013995"
"210.38173890022483","229.00000000024"
"265.17139032797627","262.9999999996601"
"277.11876320213025","330.0000000001"
"275.62420976658944","339.99999999970004"
"286.8365527999552","350.00000000008"
"281.0743812967843","310.00000000011994"
"278.07620248031515","309.00000000015996"
"274.5336111793598","277.99999999984004"
"272.5058894641833","266.00000000032003"
"261.46277892083344","268.00000000024"
"257.05194554253796","297.99999999982003"
"246.21228251569926","268.00000000024"
"277.25552332701767","310.00000000011994"
"277.8210755250893","309.00000000015996"
"278.0601148771847","309.00000000015996"
"287.50387497883435","309.00000000015996"
"273.6864144423596","295.99999999989996"
"248.38887371010435","157.9999999999601"
"200.34977662256563","145.99999999966008"
"192.64469708423303","139.99999999989996"
"202.5964683178238","132.00000000021998"
"199.1014119608525","123.99999999976"
"172.30807424370983","113.00000000019998"
"175.73189321667996","99.99999999993997"
"169.68642343822853","131.00000000026"
"166.48142034962393","142.99999999978002"
"162.40281081423325","157.9999999999601"
"169.04009878029376","188.00000000032003"
"167.9669072372127","217.99999999989996"
"155.59234233405004","210.00000000021998"
"154.3953165461761","146.99999999962006"
"157.53235376024634","134.00000000013995"
"160.75607343440504","121.99999999983993"
"162.20527332300594","118.99999999995998"
"165.38643934665595","140.99999999985994"
"218.46775356607054","193.00000000012005"
"254.85090955784335","249.00000000021998"
"203.49727956971003","238.99999999984004"
"217.0399673942277","228.00000000028"
"217.0399673942277","228.00000000028"
"200.71394852713172","226.00000000035993"
"173.31943396797442","142.99999999978002"
"181.26201449459927","128.00000000037994"
"169.312899795063","118.99999999995998"
"169.74696533522285","112.00000000024"
"170.00066486142703","115.00000000011994"
"170.38929269185815","135.00000000009993"
"193.74404921949508","149.00000000031991"
"203.85799642879942","291.00000000010004"
"257.4071350133488","314.99999999992"
"236.89405131852675","372.99999999994"
"281.75955060821497","371.00000000002"
"258.4767296130648","371.99999999998"
"219.8904002870927","355.99999999984"
"212.40504788108888","336.99999999982"
"201.47786292253636","318.99999999976"
"210.41849522868836","167.00000000038006"
"236.03572884608275","163.99999999972"
"270.13048475813963","163.99999999972"
"245.70399617488","156.00000000004002"
"310.37281587093","153.00000000015996"
"301.03182619283825","149.00000000031991"
"200.69944880950527","144.99999999969998"
"199.13970151351316","144.99999999969998"
"192.47492447515185","131.00000000026"
"186.16755872730926","112.00000000024"
"181.82432399751087","83.99999999980002"
"216.89578339282946","52.00000000030002"
"196.71589871053527","46.99999999971999"
"199.13292504160347","45.99999999976001"
"197.81512088290128","92.00000000026"
"207.43348219884763","131.00000000026"
"153.5268157474302","149.00000000031991"
"158.907535626322","150.00000000028"
"174.37482007446658","152.00000000019998"
"218.76555917308372","154.00000000012005"
"197.08346928787273","157.9999999999601"
"217.42497835707172","158.99999999992008"
"203.5997913941303","154.00000000012005"
"208.95826232310435","153.00000000015996"
"201.52952000121888","152.00000000019998"
"213.15864396818597","152.00000000019998"
"201.01911873625136","336.99999999982"
"281.06593714445177","337.99999999977996"
"235.38367358590915","334.9999999999"
"284.15195283189615","329.00000000014"
"242.16779073858356","328.00000000018"
"278.5159471991257","336.99999999982"
"239.61705549912892","134.00000000013995"
"183.72214611875927","125.99999999967997"
"181.6026274459948","118.0"
"172.35535693843485","116.00000000008004"
"184.97290063648802","117.00000000004002"
"167.62175135882046","117.00000000004002"
"165.25155731095322","122.99999999979991"
"158.84962962752184","296.99999999985994"
"296.4027787942931","355.99999999984"
"324.85088199139915","440.00000000038"
"320.06948120919577","440.00000000038"
"321.437675471546","433.99999999984"
"329.0055530361271","437.99999999967997"
"302.34812820488395","395.99999999979997"
"331.3662008853114","359.99999999967997"
"335.47712167670807","356.99999999979997"
"297.7090606169437","316.99999999984"
"322.48603732133876","310.00000000011994"
"321.55563395927277","320.99999999968"
"242.57459384569324","356.99999999979997"
"341.28059016872675","316.99999999984"
"287.63272079570197","326.00000000026"
"183.18471445448824","307.00000000024"
"203.02635183398957","291.00000000010004"
"180.53546794197416","125.99999999967997"
"181.95750115766714","99.99999999993997"
"191.76018902024293","87.99999999963995"
"190.69796405869658","76.00000000012005"
"191.12234667022597","66.99999999969998"
"162.7470347741679","63.999999999820034"
"146.85975779288617","79.0"
"131.87560422717297","107.99999999961994"
"225.9889547153515","300.9999999997"
"263.20629407258116","327.00000000022"
"284.7639351971555","355.99999999984"
"279.137441813509","352.99999999996004"
"275.07148410573984","355.99999999984"
"238.09139774423352","319.99999999972005"
"167.55903644992281","292.00000000006"
"190.40116557544525","274.0"
"177.67283918068244","227.00000000032003"
"208.3109215043993","126.99999999963995"
"219.03712867567322","121.99999999983993"
"191.41962995443737","118.0"
"207.1788235415869","116.00000000008004"
"193.1026211974397","112.00000000024"
"168.59717609378333","109.00000000036005"
"178.52487066888057","105.99999999969998"
"185.47809520291128","97.00000000006003"
"181.18930640434462","72.00000000028001"
"170.67509603080055","54.000000000219984"
"198.61345148705118","43.99999999984004"
"188.98446181830684","38.00000000007992"
"181.17073102830534","38.00000000007992"
"196.23242539204796","60.99999999994009"
"162.89568207717775","91.00000000030002"
"164.0104772965168","107.99999999961994"
"247.3377003445629","116.00000000008004"
"238.98037276280115","117.00000000004002"
"266.9517327646913","308.0000000002"
"309.1072369772871","309.00000000015996"
"248.33342036716067","308.0000000002"
"275.4711880887748","308.0000000002"
"256.9461134331351","187.00000000036005"
"181.50394677504835","287.00000000026"
"193.8101808229119","308.0000000002"
"256.8187628355055","318.99999999976"
"273.37208714009563","309.00000000015996"
"216.95810881266868","309.00000000015996"
"222.60662860436958","227.00000000032003"
"197.40162408336232","90.00000000034004"
"183.38717941709422","94.00000000017997"
"168.1044186400121","81.99999999988006"
"165.45748461684025","96.00000000010004"
"179.9777203557395","73.00000000024"
"180.62695977106398","66.99999999969998"
"178.81628191599737","62.99999999986005"
"178.81628191599737","58.00000000006003"
"174.3810945248938","56.00000000014006"
"163.68524053715066","62.99999999986005"
"175.63564149483022","89.00000000038006"
"166.05407209883413","269.00000000020003"
"159.32391829808694","286.0000000003"
"182.18066865654293","263.99999999962006"
"166.2106326157019","260.99999999974"
"155.29117721576984","246.00000000033992"
"154.09543989259544","85.99999999971999"
"151.54566733084357","79.99999999995998"
"176.40998016718356","77.00000000008004"
"196.2465019168095","75.00000000016007"
"192.49006264883246","81.99999999988006"
"197.80333429628956","80.99999999991996"
"223.05704357989862","77.00000000008004"
"238.31340031852585","71.00000000032003"
"181.21707655080832","70.00000000036005"
"192.6318406772043","73.00000000024"
"183.2788430863235","65.99999999974"
"186.61045451326163","73.00000000024"
"174.08072786856053","62.99999999986005"
"192.96881494852903","53.00000000026"
"172.46102965621185","40.0"
"174.28610067906232","35.000000000199975"
"156.29027746213876","34.00000000023999"
"148.81242676207842","36.00000000015996"
"157.04063012470408","45.99999999976001"
"171.2090944766179","59.99999999997999"
"168.66833113838788","63.999999999820034"
"178.4893858374428","68.99999999962006"
"186.94322335579602","71.00000000032003"
"156.3406373569161","70.00000000036005"
"171.3690192445638","65.99999999974"
"159.32270521039902","64.99999999978002"
"185.06366310001226","59.99999999997999"
"209.68747803972337","59.99999999997999"
"181.33577565722214","60.99999999994009"
"221.94233890525152","63.999999999820034"
"235.6748753846682","61.99999999990007"
"230.62969295417838","61.99999999990007"
"197.53824886390908","63.999999999820034"
"194.54639897593825","65.99999999974"
"195.04471861925992","55.000000000179966"
"182.15621117867147","48.99999999964007"
"174.0737023704504","35.000000000199975"
"179.07542312874898","31.000000000359933"
"193.90353248440522","29.999999999619945"
"206.02899947505512","29.999999999619945"
"199.03562953717494","37.00000000011994"
"186.31415414470848","60.99999999994009"
"236.9307909931183","71.00000000032003"
"179.57104034068368","84.99999999976"
"173.96392808652922","91.00000000030002"
"175.0919295166566","93.00000000021998"
"218.55094586120947","89.00000000038006"
"185.4857629494577","85.99999999971999"
"219.15740463582654","85.99999999971999"
"222.54008796189646","84.99999999976"
"236.16874711754429","75.00000000016007"
"224.05660017708294","73.00000000024"
"257.03615989593914","73.00000000024"
"279.18706160998823","73.00000000024"
"285.7472677601949","71.00000000032003"
"249.99032009355983","66.99999999969998"
"194.78811583184552","68.99999999962006"
"194.638403967194","70.00000000036005"
"162.03971532964556","58.00000000006003"
"180.29040317469378","54.000000000219984"
"209.91171542245593","38.00000000007992"
"216.3350797122431","35.000000000199975"
"193.04520513117677","33.00000000028001"
"195.43642112808266","33.00000000028001"
"143.41250724356883","37.00000000011994"
"116.24419386112652","58.00000000006003"
"107.86952178849504","230.00000000019998"
"146.64337827138388","231.00000000015996"
"163.50516664913005","200.99999999980002"
"198.8354916795015","76.00000000012005"
"171.1556205323227","79.99999999995998"
"203.45030448200168","71.00000000032003"
"194.10833697505257","72.00000000028001"
"235.05854791050706","70.00000000036005"
"212.00890180418048","66.99999999969998"
"221.90671516255043","64.99999999978002"
"230.67515640530644","65.99999999974"
"242.35209829871144","68.99999999962006"
"208.62964376446382","63.999999999820034"
"209.85102982666717","60.99999999994009"
"191.1082651361695","56.00000000014006"
"175.08445604656345","57.000000000100044"
"175.59234183500223","45.99999999976001"
"198.89349421666225","50.00000000037994"
"188.3784063256527","35.000000000199975"
"197.8294296891678","31.000000000359933"
"209.02932637636025","31.000000000359933"
"206.05850477403726","31.000000000359933"
"189.86234370168745","37.00000000011994"
"134.736057582753","54.000000000219984"
"136.09486612208366","64.99999999978002"
"191.37633172209064","227.00000000032003"
"286.0753601643552","199.99999999984004"
"319.9775489941494","358.99999999972"
"338.4726005315183","358.99999999972"
"344.9038149405493","358.99999999972"
"343.3207696136565","358.99999999972"
"337.26266814625194","353.99999999992"
"299.44299340905525","332.99999999998005"
"273.83606927821245","319.99999999972005"
"287.6877907591264","331.00000000005997"
"287.6877907591264","355.99999999984"
"318.64857895741335","359.99999999967997"
"269.4941299058898","272.00000000008"
"216.06064280062265","233.00000000007992"
"205.83260815137805","232.00000000011994"
"215.3342714334068","73.00000000024"
"198.40508262252058","51.000000000339924"
"209.99468680399332","59.99999999997999"
"192.90675107040056","48.99999999964007"
"192.69142765550453","45.99999999976001"
"185.13412529297784","52.00000000030002"
"188.43132753124053","67.99999999966008"
"168.13187021872386","60.99999999994009"
"186.28035689864942","81.99999999988006"
"264.0416804409838","151.00000000024"
"325.6457358175016","151.00000000024"
"329.76203584871377","226.00000000035993"
"208.223979338881","151.00000000024"
"299.3297399964476","150.00000000028"
"281.28702137875456","223.99999999965996"
"304.43715467473874","164.99999999967997"
"277.41094890347864","79.99999999995998"
"227.62490244924675","79.0"
"204.4475764692096","131.00000000026"
"240.2628002097448","79.99999999995998"
"202.32756826444813","78.00000000004002"
"169.6941220955763","73.00000000024"
"143.87725141439","74.00000000020009"
"175.57075118277226","73.00000000024"
"165.67688532856073","71.00000000032003"
"174.9829784501071","71.00000000032003"
"178.39855409198685","65.99999999974"
"180.93560348335564","63.999999999820034"
"166.0466030696292","62.99999999986005"
"147.42723499018564","62.99999999986005"
"149.09353363846571","64.99999999978002"
"131.60829773202704","73.00000000024"
"154.42192708553762","237.99999999987995"
"150.2758243831147","272.00000000008"
"242.3804528782506","305.00000000032003"
"241.06096332155983","305.00000000032003"
"219.44663013931415","262.9999999996601"
"178.34672041868896","227.00000000032003"
"169.45715826511298","77.00000000008004"
"181.9159009716342","75.00000000016007"
"173.16465058423114","71.00000000032003"
"219.52274605195362","67.99999999966008"
"226.04100579673684","66.99999999969998"
"263.02934516476614","66.99999999969998"
"272.52077066974243","63.999999999820034"
"268.2417741834173","61.99999999990007"
"208.6953361979795","61.99999999990007"
"198.7231791727728","64.99999999978002"
"195.83793423620716","59.99999999997999"
"220.65323179097265","74.00000000020009"
"212.2110986369114","68.99999999962006"
"215.41379409308752","60.99999999994009"
"197.37847931554165","58.00000000006003"
"188.63926093248654","55.000000000179966"
"184.83272792070454","56.00000000014006"
"169.50584141926788","59.99999999997999"
"151.07273430582393","74.00000000020009"
"177.5083312313019","76.00000000012005"
"176.26747770879774","84.99999999976"
"173.9097176103163","84.99999999976"
"169.31418090700595","85.99999999971999"
"140.5010057536001","82.99999999984004"
"141.32007042611122","79.99999999995998"
"153.41361529829885","78.00000000004002"
"165.02574788824018","75.00000000016007"
"160.6054225078375","76.00000000012005"
"196.59545236847964","79.0"
"200.78518168122514","79.0"
"235.84210329398786","78.00000000004002"
"250.8515104116883","78.00000000004002"
"186.7389807666866","78.00000000004002"
"166.54845450964706","82.99999999984004"
"153.91853380385896","80.99999999991996"
"161.8225663802126","86.99999999967997"
"144.72218282650158","82.99999999984004"
"159.395313117893","81.99999999988006"
"148.22118182225563","81.99999999988006"
"174.57795488777685","81.99999999988006"
"139.86053827864714","80.99999999991996"
"117.66363479239419","82.99999999984004"
"107.18186742780438","86.99999999967997"
"112.94735662401717","86.99999999967997"
"109.58426782528852","111.00000000028001"
"105.40576676300407","163.99999999972"
"110.68360946812129","111.00000000028001"
"131.63807692650778","86.99999999967997"
"138.41072214465044","85.99999999971999"
"140.83305156908602","83.99999999980002"
"188.49731573694328","81.99999999988006"
"228.55971656683687","80.99999999991996"
"219.88738782987468","81.99999999988006"
"279.8945533408197","85.99999999971999"
"226.76140744040504","84.99999999976"
"154.22081538143823","86.99999999967997"
"143.66812594380258","84.99999999976"
"156.3122290438738","83.99999999980002"
"183.2938090230732","79.99999999995998"
"181.2669398702509","63.999999999820034"
"195.25621655643192","54.000000000219984"
"201.25883872071824","31.000000000359933"
"224.18469264515886","28.999999999659963"
"240.45513791429232","28.999999999659963"
"192.25776411039624","40.0"
"163.30491704180406","59.99999999997999"
"125.99309140259629","71.00000000032003"
"141.29860728729534","64.99999999978002"
"181.84829175608695","70.00000000036005"
"189.66278063243976","72.00000000028001"
"193.58681256824195","70.00000000036005"
"175.64489840737463","68.99999999962006"
"179.2966689024131","67.99999999966008"
"175.87082823945525","63.999999999820034"
"188.39607301599358","60.99999999994009"
"247.79176210048843","60.99999999994009"
"305.2559498107314","71.00000000032003"
"345.3394247439833","75.00000000016007"
"354.3625071406349","77.00000000008004"
"323.0836992844875","81.99999999988006"
"260.63765376493325","82.99999999984004"
"241.54565884603585","83.99999999980002"
"242.78553014744966","79.99999999995998"
"250.25651303527331","74.00000000020009"
"299.7023378442208","60.99999999994009"
"282.9335047093832","42.99999999987995"
"253.92013695813273","48.99999999964007"
"200.68595502139158","59.99999999997999"
"243.842044652749","70.00000000036005"
"182.3645037987459","79.0"
"186.35412458149312","232.00000000011994"
"267.6253926659523","269.00000000020003"
"307.877000893972","306.00000000028"
"270.0889266247597","354.99999999988"
"313.45967902787027","339.99999999970004"
"297.9897714220877","334.9999999999"
"287.9759144442683","300.9999999997"
"271.4458337839915","305.00000000032003"
"272.34118019694097","305.00000000032003"
"280.5850206453742","305.00000000032003"
"316.1063596594472","355.99999999984"
"325.7007533657066","362.00000000038"
"315.77661165276754","362.00000000038"
"274.72942334124343","305.00000000032003"
"227.69890242606255","236.99999999991996"
"230.95229151857677","89.00000000038006"
"193.23032390227115","85.99999999971999"
"199.9596059975696","66.99999999969998"
"191.20487795446377","62.99999999986005"
"192.35515668740868","60.99999999994009"
"204.50357763782233","60.99999999994009"
"182.7113852455359","60.99999999994009"
"211.67096108677902","59.99999999997999"
"241.6511923998504","306.00000000028"
"315.7776141423571","378.9999999997"
"324.2824266763572","386.0000000002"
"329.75904857898104","398.99999999967997"
"334.0790256578174","418.99999999966"
"333.4100475964592","421.00000000036"
"341.7542009494784","401.00000000038"
"338.3949117103172","394.99999999984"
"300.32289041164785","396.99999999976"
"279.49125038209957","379.99999999965996"
"265.1698322798122","378.9999999997"
"326.558119244246","379.99999999965996"
"324.6885000519446","378.9999999997"
"278.383091234701","387.00000000015996"
"251.46650866950858","197.99999999991996"
"199.83456070465638","73.00000000024"
"151.95905264041687","72.00000000028001"
"149.29410626412914","66.99999999969998"
"149.24617369306077","59.00000000002001"
"147.9118571856974","54.000000000219984"
"145.28222928314972","53.00000000026"
"148.79804572866396","52.00000000030002"
"141.57367741679855","52.00000000030002"
"141.88345322275677","52.00000000030002"
"152.41327522262407","57.000000000100044"
"140.55397335028613","199.99999999984004"
"207.37175475143624","59.99999999997999"
"284.2176203640897","366.00000000022"
"303.8933674629881","367.00000000018"
"311.8149023075357","371.99999999998"
"302.0924838837622","367.00000000018"
"262.56751836070976","367.00000000018"
"219.16677404953793","364.00000000029996"
"189.4953179685125","364.00000000029996"
"225.26856533659293","366.00000000022"
"270.11726394414103","367.00000000018"
"234.0975568361764","366.00000000022"
"255.26328602239926","307.00000000024"
"233.6798141997839","224.99999999961994"
"287.4293371276676","228.00000000028"
"215.61593901121148","259.99999999978"
"205.42598873069755","66.99999999969998"
"149.21606929748032","65.99999999974"
"179.4975063382991","62.99999999986005"
"178.13262968609126","62.99999999986005"
"166.469405667994","61.99999999990007"
"191.4146332091741","61.99999999990007"
"186.94230869661237","61.99999999990007"
"157.11078101666146","66.99999999969998"
"255.45767144723527","353.99999999992"
"337.5463731267439","416.99999999974"
"340.0427939749934","430.99999999996"
"325.6731112948543","443.00000000026"
"322.5795897956896","435.99999999976"
"309.395596067384","429.00000000004"
"261.3118264666301","393.99999999988"
"232.78168067347326","352.99999999996004"
"194.72300372315","324.00000000034"
"221.0661219750508","352.99999999996004"
"226.3667128048404","353.99999999992"
"214.27482645521593","353.99999999992"
"177.945719706153","352.99999999996004"
"148.61070446618044","262.9999999996601"
"142.84504328161188","66.99999999969998"
"159.53560089253642","65.99999999974"
"143.3552168915379","62.99999999986005"
"156.78291876705111","72.00000000028001"
"156.0707428237206","66.99999999969998"
"149.90746198170996","65.99999999974"
"151.82376451959442","65.99999999974"
"150.89707112263613","64.99999999978002"
"148.0217189460867","63.999999999820034"
"139.49076834840798","64.99999999978002"
"134.267553932498","68.99999999962006"
"158.4196592674257","104.99999999974"
"185.44904405016098","304.00000000036005"
"169.65052257190553","307.00000000024"
"136.54230168956155","306.00000000028"
"130.08216660024857","104.99999999974"
"132.20331229715237","70.00000000036005"
"133.08873143703204","65.99999999974"
"133.80604284310914","60.99999999994009"
"136.13598757988564","62.99999999986005"
"151.25694389657497","65.99999999974"
"171.3445441680559","68.99999999962006"
"222.40654510443494","67.99999999966008"
"191.2059419447811","66.99999999969998"
"178.2699179491667","67.99999999966008"
"188.33706752074443","70.00000000036005"
"182.08316822401832","71.00000000032003"
"204.50506307304352","79.0"
"163.87355566239546","75.00000000016007"
"177.59742763622376","74.00000000020009"
"177.28464285438008","73.00000000024"
"202.20386479741228","71.00000000032003"
"181.55425588157004","68.99999999962006"
"149.55114333425115","72.00000000028001"
"138.50872977097163","77.00000000008004"
"151.90872248613925","81.99999999988006"
"158.260382608393","245.00000000037994"
"169.27716523902484","246.00000000033992"
"194.738701896801","261.9999999997"
"196.54810454494952","258.99999999982003"
"174.6493948478976","208.00000000030002"
"149.81103432674513","185.99999999961994"
"162.190073396956","156.00000000004002"
"176.94359410650077","156.00000000004002"
"166.36389468382527","182.99999999974"
"267.1182348754156","260.99999999974"
"301.256531062926","270.00000000016"
"308.7623263798851","263.99999999962006"
"296.9493819533207","305.00000000032003"
"277.30820628268043","308.0000000002"
"240.52353361521034","82.99999999984004"
"182.47180429321702","85.99999999971999"
"164.91434875087998","81.99999999988006"
"159.08968943179036","79.99999999995998"
"175.35471263868294","79.99999999995998"
"161.94878497619834","79.99999999995998"
"143.2072597828793","80.99999999991996"
"179.50036489556987","87.99999999963995"
"264.2035731416023","313.99999999996"
"299.6930722982079","338.99999999973994"
"296.44703790754454","354.99999999988"
"306.755709965055","358.99999999972"
"352.81881098346946","358.99999999972"
"352.45114826180617","349.00000000012"
"327.6862704780655","309.00000000015996"
"323.943049913715","309.00000000015996"
"274.88985595789615","309.00000000015996"
"293.51035055370795","302.99999999962"
"252.61101006934052","316.99999999984"
"290.5067209502345","345.00000000027995"
"242.211928594862","139.99999999989996"
"192.8606983556789","83.99999999980002"
"127.55541036812963","82.99999999984004"
"135.37068511075006","83.99999999980002"
"148.3251443289604","80.99999999991996"
"123.72128671790415","80.99999999991996"
"121.33490781125874","77.00000000008004"
"114.55289619424263","75.00000000016007"
"112.17458500872795","75.00000000016007"
"149.50762570530276","75.00000000016007"
"109.5230961519942","77.00000000008004"
"101.68999828584822","82.99999999984004"
"136.65335886913817","309.00000000015996"
"276.7464193328358","309.00000000015996"
"185.9071227292725","308.0000000002"
"178.98211745748972","309.00000000015996"
"200.5095036621019","309.00000000015996"
"184.21134601803556","308.0000000002"
"171.80278763782053","309.00000000015996"
"187.53364228964813","308.0000000002"
"212.8036609098823","308.0000000002"
"229.10976162816337","309.00000000015996"
"267.8804439789408","374.99999999986005"
"275.5085011746372","374.99999999986005"
"247.7632367772793","371.99999999998"
"226.02591915019207","371.00000000002"
"247.74535334631548","371.99999999998"
"250.91079791870573","364.00000000029996"
"200.71787007770627","308.0000000002"
"169.75914763829337","280.99999999972"
"132.83480154869335","89.00000000038006"
"144.29478703699385","87.99999999963995"
"123.93272205288304","87.99999999963995"
"129.63042645484745","87.99999999963995"
"131.96987954050292","246.00000000033992"
"141.19508293086437","298.99999999978"
"158.11524966043783","341.99999999962"
"267.33693257425466","366.00000000022"
"310.5093706851464","356.99999999979997"
"278.85517230378605","335.99999999986"
"251.55833873295114","344.00000000032"
"230.7479106579989","313.0"
"218.8931083740713","302.99999999962"
"216.7629165398614","295.99999999989996"
"214.64230030383817","293.00000000002"
"253.96396114628033","299.99999999974"
"338.9630033331333","341.99999999962"
"347.53674663909766","383.00000000032003"
"341.71362000338405","356.99999999979997"
"302.4301507690952","354.99999999988"
"271.3856398698568","312.00000000004"
"158.9524358323207","262.9999999996601"
"149.28940217992078","80.99999999991996"
"137.74687777229894","79.0"
"156.5253577315449","74.00000000020009"
"147.97049038841897","72.00000000028001"
"138.54473918610654","70.00000000036005"
"174.99637218051998","67.99999999966008"
"245.30265052602977","72.00000000028001"
"268.4608185277815","73.00000000024"
"221.46613665161442","76.00000000012005"
"292.08502449499827","79.0"
"248.94981802016946","228.00000000028"
"334.7530649971134","313.0"
"373.39839851075595","356.99999999979997"
"384.044238237215","313.0"
"353.20317247984775","313.0"
"351.90892882601565","331.00000000005997"
"328.0825699523488","312.00000000004"
"256.55108317777933","262.9999999996601"
"353.99046462316903","313.0"
"347.76307620489627","363.00000000034"
"331.59235646063905","312.00000000004"
"268.0742435084944","83.99999999980002"
"214.49948081660045","84.99999999976"
"221.32371341805253","83.99999999980002"
"170.72708855639212","79.0"
"149.42867358926344","77.00000000008004"
"151.99486248664027","74.00000000020009"
"143.20463394796877","74.00000000020009"
"135.46460833405104","74.00000000020009"
"135.9733211846351","75.00000000016007"
"129.99959515522198","77.00000000008004"
"150.62392447137756","111.00000000028001"
"180.72270172201922","388.00000000012005"
"294.02529936881706","364.00000000029996"
"322.6979699477507","417.99999999970004"
"306.62814898388746","416.99999999974"
"315.33793741204704","422.00000000032"
"360.7823147406336","397.99999999972"
"322.3760040937442","370.00000000006"
"326.9946289351344","357.99999999976"
"324.0432177745836","332.00000000002007"
"247.67462860982118","332.00000000002007"
"350.01702248105215","353.99999999992"
"333.20486024933666","374.99999999986005"
"350.8607092178931","364.00000000029996"
"337.24186170831194","318.99999999976"
"317.88125624374277","313.0"
"308.167934425414","312.00000000004"
"240.54477778037233","112.00000000024"
"271.13951023549276","310.00000000011994"
"156.55432373565247","112.00000000024"
"143.7232133325581","111.00000000028001"
"141.42773785861095","81.99999999988006"
"137.9207610597972","111.00000000028001"
"137.9207610597972","81.99999999988006"
"144.18211984827985","111.00000000028001"
"141.35562513224318","260.99999999974"
"142.71323184967684","294.99999999994"
"200.25690136115225","333.99999999994003"
"237.02544110452573","333.99999999994003"
"210.3000249070509","334.9999999999"
"219.80404642015196","329.00000000014"
"183.61920558692918","298.99999999978"
"173.8895328505514","271.00000000012"
"157.81024977670472","263.99999999962006"
"143.81173862812523","286.0000000003"
"209.26378183074132","298.99999999978"
"253.52483123952197","327.00000000022"
"340.3506130563851","337.99999999977996"
"284.6025645614968","326.00000000026"
"288.3644358309513","331.00000000005997"
"261.75419674152704","350.00000000008"
"230.7826246272473","317.99999999979997"
"212.66130717939325","96.00000000010004"
"177.80020928466968","96.00000000010004"
"150.5376471685264","96.00000000010004"
"147.17398243743708","91.00000000030002"
"175.33873267151318","91.00000000030002"
"166.24390406024156","84.99999999976"
"180.89047343683615","96.00000000010004"
"149.8548190171673","208.00000000030002"
"180.45404384673043","253.00000000006003"
"210.87454866492988","282.99999999963995"
"242.3037811166106","300.9999999997"
"200.99427676354617","304.00000000036005"
"181.5120351081565","299.99999999974"
"146.83224471016752","252.00000000010004"
"147.24767627955634","209.00000000026"
"177.40942246164127","209.00000000026"
"160.47777836298553","220.99999999978002"
"219.53767217565905","253.00000000006003"
"293.9584701790172","300.9999999997"
"362.79089534816393","327.00000000022"
"296.0819120235111","326.00000000026"
"302.1067219293862","352.99999999996004"
"332.6562807425716","364.00000000029996"
"342.26578637329646","329.00000000014"
"167.6257028173743","248.00000000026"
"151.17211665073808","209.00000000026"
"135.0449339341052","209.00000000026"
"122.62091058624628","138.99999999993997"
"157.1523560296215","157.9999999999601"
"173.17325796956743","232.00000000011994"
"193.0212029850627","328.00000000018"
"234.7096767852039","437.99999999967997"
"232.53363506346807","394.99999999984"
"242.8206772679447","394.99999999984"
"272.65048395503896","387.00000000015996"
"298.3237512216368","387.00000000015996"
"184.45294807122252","390.00000000004"
"235.23926047570296","372.99999999994"
"166.08488559392845","365.00000000025994"
"270.03185154384465","319.99999999972005"
"243.98262201264856","313.0"
"260.6295092926796","313.0"
"315.42915634609477","343.00000000036"
"338.5375418845539","351.99999999999994"
"266.88128757058416","343.00000000036"
"240.24477401479612","228.00000000028"
"186.29623690088522","94.00000000017997"
"142.4015545963157","77.00000000008004"
"129.73868489453287","77.00000000008004"
"116.3294746634923","72.00000000028001"
"117.23729398050148","68.99999999962006"
"119.99350699751517","65.99999999974"
"154.08123782997507","65.99999999974"
"105.90086642122344","67.99999999966008"
"89.49328991507582","75.00000000016007"
"106.70886079667491","95.00000000014006"
"94.1917707866686","99.99999999993997"
"108.40930612184002","111.00000000028001"
"162.17494175398406","111.00000000028001"
"148.4878576933479","98.00000000002001"
"129.96049231092604","96.00000000010004"
"164.9006985953365","93.00000000021998"
"176.8147548906312","86.99999999967997"
"172.22140757902264","81.99999999988006"
"174.43966643675697","79.99999999995998"
"194.7380463137465","77.00000000008004"
"208.67159233258383","76.00000000012005"
"216.2851203357626","75.00000000016007"
"214.6097326348114","75.00000000016007"
"209.8400123267155","75.00000000016007"
"191.93809477465084","75.00000000016007"
"145.67577361152257","72.00000000028001"
"171.7413242510637","74.00000000020009"
"154.7086271203417","72.00000000028001"
"146.77181697226615","70.00000000036005"
"177.64120933184915","68.99999999962006"
"170.01156281337455","68.99999999962006"
"153.71995645943719","73.00000000024"
"106.16406333498423","82.99999999984004"
"121.77982232663283","98.00000000002001"
"144.80840326036696","103.99999999978002"
"140.31262218999132","124.99999999971999"
"180.54055079010288","125.99999999967997"
"183.31789979173402","125.99999999967997"
"158.536947127213","107.99999999961994"
"156.61422835004294","102.99999999982003"
"156.97886555221294","101.99999999985994"
"154.89876869237446","98.00000000002001"
"161.80737942008852","100.99999999989996"
"216.76433512537687","100.99999999989996"
"288.15254705230933","103.99999999978002"
"294.1233020448025","102.99999999982003"
"248.31336713065707","117.00000000004002"
"176.24723329849076","113.00000000019998"
"173.59101595465222","100.99999999989996"
"145.83919817164974","96.00000000010004"
"150.18225431941983","118.99999999995998"
"150.40300210314138","114.00000000015996"
"188.0074335759939","111.00000000028001"
"183.61692415132813","111.00000000028001"
"214.85050837567167","114.00000000015996"
"209.69273177637638","118.0"
"147.33548914424614","130.00000000030002"
"271.09836758527655","355.99999999984"
"363.5679600543083","321.99999999964"
"348.2480782267564","333.99999999994003"
"378.8286185178247","334.9999999999"
"346.1962415499522","334.9999999999"
"319.99191449193705","366.00000000022"
"310.64419479599223","367.00000000018"
"308.51289667512447","366.00000000022"
"233.75006653201376","334.9999999999"
"218.07366038562748","300.9999999997"
"254.96503427230016","351.00000000003996"
"271.05133936107353","351.00000000003996"
"299.7144843564096","333.99999999994003"
"240.93347396098557","356.99999999979997"
"289.7040521414784","334.9999999999"
"223.89776779468514","320.99999999968"
"141.3314915067681","131.00000000026"
"148.16097291073083","133.00000000017997"
"155.44850925978187","130.00000000030002"
"202.5154516781662","128.00000000037994"
"208.89086552687343","126.99999999963995"
"226.87284439284178","129.00000000033992"
"230.6350611630237","133.00000000017997"
"188.50345798207957","262.9999999996601"
"294.96203319761577","371.99999999998"
"355.8088100198391","378.9999999997"
"368.3899566062165","377.99999999974"
"367.4917834211789","379.99999999965996"
"351.45987596398487","383.00000000032003"
"283.02948233740966","373.9999999999"
"275.18729357817057","358.99999999972"
"345.1838242430797","334.9999999999"
"344.21104209194556","324.00000000034"
"373.5918790546847","323.00000000038"
"371.4215000339647","351.99999999999994"
"432.40888551633617","368.00000000014"
"421.908089342354","368.00000000014"
"384.40097604088675","357.99999999976"
"351.8957488118776","368.00000000014"
"341.076450760936","368.00000000014"
"253.84884883576922","336.99999999982"
"258.4328626612835","316.99999999984"
"210.16504919556223","228.00000000028"
"214.00133197091554","228.00000000028"
"197.13602391505015","228.00000000028"
"208.94492020125006","228.00000000028"
"209.53548718556294","165.99999999964007"
"184.85146122076492","228.00000000028"
"158.14856371769338","274.99999999996"
"181.9088949826762","319.99999999972005"
"256.41908041853515","327.00000000022"
"258.0312072611987","329.00000000014"
"256.0971793510357","330.0000000001"
"219.40590500835117","327.00000000022"
"155.91175131837724","292.00000000006"
"152.8234605530131","255.9999999999401"
"188.47247286258778","255.9999999999401"
"250.45222777002004","293.00000000002"
"271.55223926446797","327.00000000022"
"280.4728693775818","348.00000000016"
"308.5089979894248","371.99999999998"
"318.5204705037108","358.99999999972"
"296.0546430740148","358.99999999972"
"299.0929664923955","360.99999999964"
"258.75511539890556","327.00000000022"
"205.5070559239989","237.99999999987995"
"193.52362194919885","208.00000000030002"
"179.11502952000012","155.00000000008004"
"177.25348648577244","141.99999999982003"
"175.81324544111726","139.99999999989996"
"168.51418883918927","154.00000000012005"
"177.04732755864904","139.99999999989996"
"162.12910444426905","158.99999999992008"
"148.1755535212385","149.00000000031991"
"150.58728793049","157.0"
"146.78212150206048","153.00000000015996"
"148.77576752207426","153.00000000015996"
"130.43435295110214","140.99999999985994"
"131.37613425436268","137.00000000002"
"124.56550227708442","136.0000000000599"
"128.13599600349926","136.0000000000599"
"128.24147714936157","149.00000000031991"
"133.92416812079364","209.00000000026"
"160.42283145175895","284.00000000038"
"195.70871828198256","315.99999999988"
"245.02936283999782","327.00000000022"
"270.05042594932115","341.99999999962"
"320.10496381029225","339.99999999970004"
"330.30164709512775","290.00000000014006"
"245.4042401809652","212.00000000013995"
"228.42443039360614","209.00000000026"
"241.26843535456464","187.00000000036005"
"248.69998300104817","187.00000000036005"
"249.93194105881503","197.99999999991996"
"249.93194105881503","232.00000000011994"
"267.96678823321986","291.00000000010004"
"299.5937109346159","347.00000000020003"
"386.8018974907246","376.99999999978"
"359.1273957293046","376.99999999978"
"276.0360768961388","323.00000000038"
"362.5722651190508","323.00000000038"
"386.8782673192081","321.99999999964"
"314.6440207634464","321.99999999964"
"238.66497726717944","320.99999999968"
"255.03313669051045","321.99999999964"
"333.6055963654452","367.00000000018"
"344.78585223728817","397.99999999972"
"379.37903231871064","422.00000000032"
"376.23814294636736","421.00000000036"
"367.2322886970053","323.00000000038"
"366.5919690655897","386.0000000002"
"377.35828731233727","366.00000000022"
"336.85495125280676","231.00000000015996"
"237.3549146680723","234.0000000000399"
"250.77567757031215","209.00000000026"
"233.06421733063053","200.99999999980002"
"218.55490421606714","198.99999999987995"
"207.47838800886495","200.99999999980002"
"253.9294187323262","234.0000000000399"
"341.9855001717743","316.99999999984"
"361.62917347591497","410.00000000001995"
"358.68515844024296","384.00000000028"
"354.6481257757151","391.0"
"364.6531352189141","393.99999999988"
"384.07613637947003","394.99999999984"
"382.59806478331825","387.00000000015996"
"387.51924150233305","366.00000000022"
"370.17642330868796","352.99999999996004"
"358.84096489285594","350.00000000008"
"364.2103197747289","350.00000000008"
"376.58941185237245","382.00000000036"
"389.12551652732935","417.99999999970004"
"386.4703051234451","428.00000000008004"
"384.3413058979655","409.00000000005997"
"384.5980532960522","395.99999999979997"
"378.54074818269197","380.99999999961994"
"362.0423606395643","327.00000000022"
"359.3106821260952","298.99999999978"
"236.6770876871393","239.99999999980002"
"217.93539326708571","222.99999999969998"
"214.15802091543662","222.99999999969998"
"259.82029704642764","223.99999999965996"
"314.6560986996435","243.99999999964007"
"369.60571768351315","276.99999999988006"
"377.3751152771613","371.99999999998"
"373.4205351483407","407.00000000014"
"334.3638274086921","368.00000000014"
"349.2863235931169","332.99999999998005"
"358.2617932089441","316.99999999984"
"301.0211758067337","316.99999999984"
"299.462448874575","311.00000000008004"
"227.37341880132738","296.99999999985994"
"184.7146946235424","273.00000000004"
"236.24323409951012","273.00000000004"
"358.42013738146244","300.9999999997"
"399.2638504054211","334.9999999999"
"429.74385474675597","376.99999999978"
"389.90997653431236","377.99999999974"
"400.4419993511109","376.99999999978"
"376.74165467252016","341.99999999962"
"271.8857654408631","299.99999999974"
"224.99563198193925","213.00000000009993"
"218.07252684394598","209.00000000026"
"209.3030381539669","207.00000000034004"
"202.59756040001923","203.99999999967997"
"212.3344575540774","207.00000000034004"
"235.29847647524684","214.00000000006003"
"271.47577959515405","278.9999999998"
"370.309027287026","384.00000000028"
"381.24272996094675","407.00000000014"
"361.3342595638577","424.00000000024"
"420.5979027694339","440.00000000038"
"429.9516968297914","461.00000000032"
"448.8154378564636","448.00000000005997"
"422.7987480869606","431.99999999992"
"438.962347471035","408.0000000001"
"428.7445663977468","401.00000000038"
"401.2650261736185","399.99999999964"
"381.71571949112996","431.99999999992"
"399.2652920911282","425.00000000020003"
"400.73851872520845","428.00000000008004"
"372.6344661290816","449.00000000002"
"372.6344661290816","454.99999999978"
"360.7348767159524","441.00000000034004"
"360.7348767159524","396.99999999976"
"310.9385814913545","312.00000000004"
"253.05260018149204","231.00000000015996"
"233.5675695601874","229.00000000024"
"262.19135887153584","232.00000000011994"
"253.62989697158218","233.00000000007992"
"313.8950419704971","272.00000000008"
"343.68994240254233","348.00000000016"
"372.02337357912444","424.00000000024"
"373.77129433767044","430.99999999996"
"384.4313582212482","433.99999999984"
"374.9374384638638","430.99999999996"
"369.871238566606","438.99999999964"
"394.226904972911","431.99999999992"
"400.60763740974096","415.99999999978"
"391.89998785692694","379.99999999965996"
"388.2017683839325","373.9999999999"
"393.9808077534343","402.00000000034"
"394.09365089354526","429.00000000004"
"400.8377345539524","461.00000000032"
"395.79298825283945","454.99999999978"
"363.7483312910264","425.00000000020003"
"372.6281052161554","410.99999999998"
"364.7452477152913","397.99999999972"
"343.8589848155726","313.0"
"201.1228076853755","223.99999999965996"
"249.7025351820356","219.99999999981992"
"214.91679036316646","228.00000000028"
"209.23366284872156","223.99999999965996"
"217.7678716317754","215.99999999998"
"275.96219910734374","223.99999999965996"
"272.1099906240875","222.99999999969998"
"262.0014783697211","229.00000000024"
"321.5318084074865","312.00000000004"
"345.14775467530444","358.99999999972"
"328.0912895719839","350.00000000008"
"302.2122576154889","307.00000000024"
"221.4655352566483","257.99999999986005"
"180.23465649179423","223.99999999965996"
"240.14114843486686","222.99999999969998"
"269.1984294171871","232.00000000011994"
"290.4645411257733","257.99999999986005"
"352.8965971195201","347.00000000020003"
"368.18758876338364","387.00000000015996"
"390.97157852134944","390.00000000004"
"341.0921419604856","355.99999999984"
"349.8537699261058","333.99999999994003"
"328.38823374468535","246.00000000033992"
"327.3588441603511","212.00000000013995"
"303.5902581102304","214.00000000006003"
"265.78755162809307","203.99999999967997"
"224.91739460157248","197.99999999991996"
"207.61714690787255","189.00000000028"
"188.37661519831295","184.99999999965996"
"190.38622979701893","184.99999999965996"
"173.55383107355647","183.99999999969998"
"215.58959976324013","193.00000000012005"
"214.46377845012455","237.99999999987995"
"222.04649086974484","262.9999999996601"
"204.70205900287056","257.99999999986005"
"225.18861816886408","280.99999999972"
"196.4702744939383","211.00000000017997"
"167.31781921299466","211.00000000017997"
"151.75124045541895","202.99999999972"
"146.37235358640032","215.00000000002"
"186.8875120189507","245.00000000037994"
"296.708618758699","293.00000000002"
"363.5039088489259","349.00000000012"
"355.53884016069946","388.00000000012005"
"379.8282518494459","398.99999999967997"
"380.60098179871704","363.00000000034"
"387.29186243993695","320.99999999968"
"376.6881522404267","302.99999999962"
"239.14200940839078","247.00000000030002"
"216.04589455062467","234.0000000000399"
"186.09386006056684","233.00000000007992"
"231.64796162634116","229.00000000024"
"201.4523501237387","237.99999999987995"
"271.37960578686767","286.0000000003"
"374.6427403626937","336.99999999982"
"379.4509862763312","424.00000000024"
"374.69401227126593","418.99999999966"
"361.84190337478685","424.00000000024"
"367.6961414040032","447.0000000001"
"349.63885836575923","447.0000000001"
"364.48764582923934","442.0000000003"
"366.1443381375201","419.99999999962"
"360.77640928015956","393.99999999988"
"361.15009669250895","382.00000000036"
"365.5264905517598","389.00000000008004"
"366.29615902110925","395.99999999979997"
"375.72089148309004","410.99999999998"
"388.64492207739295","426.00000000016"
"385.0346465964916","445.00000000018"
"384.93907988773367","447.0000000001"
"388.46477579923476","398.99999999967997"
"373.5356073002676","343.00000000036"
"374.34620680889526","387.00000000015996"
"368.7414847362737","319.99999999972005"
"363.28300455073867","319.99999999972005"
"329.276471271791","307.00000000024"
"309.5058837802706","297.99999999982003"
"355.31862201519505","320.99999999968"
"357.02204495125125","423.00000000028"
"355.8197105628605","516.9999999996401"
"376.0443788736437","635.0000000003799"
"370.29217340489396","527.99999999998"
"389.94891484130534","507.00000000003996"
"390.1460284479423","505.00000000012"
"387.4748086769245","492.99999999982"
"377.45578775757133","479.00000000038"
"385.5727060772968","488.00000000002"
"384.5565576871565","488.99999999998"
"388.22267452107593","484.00000000018"
"377.5281811389562","514.99999999972"
"377.6054221527976","515.9999999996801"
"375.4495727256331","541.00000000024"
"369.4106587493609","525.0000000001"
"359.5259408607278","505.00000000012"
"354.64979520550366","424.00000000024"
"353.1991396011279","369.0000000001"
"334.6661330299671","360.99999999964"
"259.9258709674499","308.0000000002"
"232.83470452152937","297.99999999982003"
"258.97892611955194","295.99999999989996"
"250.99651785347464","288.00000000022"
"262.88865411236736","297.99999999982003"
"325.8504335308634","353.99999999992"
"370.393640597555","403.0000000003"
"309.64030186438697","447.0000000001"
"217.01385742973514","429.00000000004"
"171.57099989368226","438.99999999964"
"128.53257684699952","446.00000000014"
"195.61325634483308","315.99999999988"
"189.9182644574198","317.99999999979997"
"215.5530632133042","302.99999999962"
"209.00744774913926","262.9999999996601"
"216.07026435810042","234.0000000000399"
"236.86527629728903","268.00000000024"
"224.16873917301427","242.99999999968009"
"205.77994625324504","231.00000000015996"
"230.91768578127778","262.9999999996601"
"190.36715053598402","313.0"
"195.5390452762215","265.00000000036005"
"165.94100809879592","212.00000000013995"
"137.00775589864327","235.99999999995998"
"175.93446247633767","223.99999999965996"
"174.5667615062414","211.00000000017997"
"164.64217061218835","210.00000000021998"
"170.25681774454517","222.99999999969998"
"175.70630573150288","236.99999999991996"
"194.61983212251096","276.99999999988006"
"202.41774371831025","387.00000000015996"
"199.95897150584892","387.00000000015996"
"207.03688753897757","357.99999999976"
"263.24067968677355","357.99999999976"
"288.7590837438602","357.99999999976"
"264.8599183726591","356.99999999979997"
"249.9242546237565","311.00000000008004"
"224.06235593747192","300.9999999997"
"258.89836577585356","249.00000000021998"
"220.57371718004117","274.99999999996"
"356.31161865549063","359.99999999967997"
"380.6038695330765","387.00000000015996"
"368.46414549034677","388.00000000012005"
"379.9854512006588","388.00000000012005"
"386.8858230725489","476.99999999968"
"382.4622871784918","447.0000000001"
"367.0147991699747","356.99999999979997"
"389.6209367717079","312.00000000004"
"260.2079034072574","305.00000000032003"
"257.4027081883644","297.99999999982003"
"249.53817336957104","285.00000000034004"
"278.8315206226485","274.99999999996"
"258.7879394647915","295.99999999989996"
"257.4029521183563","337.99999999977996"
"395.2193397407569","409.00000000005997"
"396.73093965636707","447.0000000001"
"395.17618959752014","470.99999999992"
"390.7873280726225","499.00000000036"
"391.0251414270709","500.00000000032"
"400.95147456032413","436.99999999972"
"374.1088897330121","416.99999999974"
"396.7939280916109","395.99999999979997"
"386.5270634241943","391.99999999996"
"358.9166498506623","380.99999999961994"
"382.7638990591128","394.99999999984"
"388.4541413146028","409.00000000005997"
"394.16895374707934","394.99999999984"
"383.92820605965164","388.00000000012005"
"381.32130668323026","387.00000000015996"
"372.2344656184724","372.99999999994"
"330.0042519673097","356.99999999979997"
"357.32963150649914","308.0000000002"
"284.2905450123742","306.00000000028"
"285.15662736921183","299.99999999974"
"254.96721326164527","263.99999999962006"
"221.49418533037522","263.99999999962006"
"234.93720160697046","263.99999999962006"
"186.28385096518355","250.00000000017997"
"215.0203561267166","306.00000000028"
"181.12702232119807","332.99999999998005"
"205.45372742490645","365.00000000025994"
"161.43833542159575","370.00000000006"
"181.80831266299379","346.00000000024005"
"161.18869917862696","341.99999999962"
"179.51233078578332","307.00000000024"
"203.29164832643653","298.99999999978"
"209.83804030372153","292.00000000006"
"284.1380305994785","294.99999999994"
"309.13884417909753","306.00000000028"
"360.4591765905972","307.00000000024"
"304.02452245962166","305.00000000032003"
"266.4189868060648","263.99999999962006"
"269.20065321586577","305.00000000032003"
"244.87100770586142","254.00000000002"
"236.560588575643","247.00000000030002"
"122.84918003950077","248.00000000026"
"136.89646176508177","207.00000000034004"
"123.36885412068102","187.00000000036005"
"116.7977771379301","175.00000000006003"
"144.10248001120374","170.00000000026"
"151.58712712931037","169.00000000030002"
"179.515747729311","173.00000000014006"
"183.22874467702854","179.99999999986005"
"179.91893736909196","187.00000000036005"
"148.38687969455725","191.00000000019998"
"129.1597662140539","215.99999999998"
"120.12918532321373","221.99999999974"
"161.96675007861518","223.99999999965996"
"154.4090896419109","213.00000000009993"
"166.51772080488684","192.00000000015996"
"171.48596557626126","190.00000000024"
"176.24692089179132","189.00000000028"
"211.42774244312625","187.00000000036005"
"224.79536501760856","249.00000000021998"
"244.77417083094645","241.99999999972"
"188.76063978160153","240.99999999976"
"189.00406782527978","239.99999999980002"
"192.325121398634","239.99999999980002"
"214.26425359701273","191.00000000019998"
"213.8658768851177","192.00000000015996"
"177.63266150973504","188.00000000032003"
"193.34056700732174","185.99999999961994"
"219.68044810345634","185.99999999961994"
"241.6121810909275","187.00000000036005"
"257.72675096871535","194.00000000008004"
"234.90765641969335","177.99999999993997"
"279.3268568601096","301.99999999965996"
"304.55525272298087","363.00000000034"
"366.89962896123967","365.00000000025994"
"400.0607454051413","366.00000000022"
"415.1224821587593","366.00000000022"
"368.51149470212175","312.00000000004"
"408.8990706649607","315.99999999988"
"375.03021172622016","309.00000000015996"
"395.1149851321056","345.00000000027995"
"399.8549498958634","366.00000000022"
"413.02312137304966","418.99999999966"
"420.3770724840104","500.00000000032"
"417.86394968283076","496.99999999965996"
"387.3192596672324","366.00000000022"
"372.5548562577835","417.99999999970004"
"351.44525959640373","356.99999999979997"
"205.02603162813227","304.00000000036005"
"172.36427896219755","238.99999999984004"
"149.7753529707869","230.00000000019998"
"167.37358019727787","224.99999999961994"
"168.0491739228488","223.99999999965996"
"188.74247565686596","228.00000000028"
"179.31958525723496","247.00000000030002"
"197.2858448860478","249.00000000021998"
"303.2081161927042","286.0000000003"
"471.9383473815849","319.99999999972005"
"388.66695976680137","307.00000000024"
"468.97744881671105","309.00000000015996"
"469.3098667067606","317.99999999979997"
"357.2373351857037","320.99999999968"
"399.1645014418932","407.00000000014"
"389.395388599118","397.99999999972"
"348.04957227833063","370.00000000006"
"399.1681213480237","320.99999999968"
"391.3721544033134","304.00000000036005"
"396.016330452323","274.99999999996"
"369.86387928233347","365.00000000025994"
"369.5549289543165","366.00000000022"
"393.8707984190121","375.99999999982003"
"391.25144623246416","368.00000000014"
"350.2089567689087","242.99999999968009"
"289.67407924793525","300.9999999997"
"312.98219640955693","260.99999999974"
"322.42719297741917","263.99999999962006"
"271.4829412466492","263.99999999962006"
"315.0810350998463","265.00000000036005"
"318.77511594712445","313.99999999996"
"301.07400562360186","351.99999999999994"
"360.46650004035195","430.99999999996"
"405.05041943401983","458.99999999962"
"404.79862866461974","455.99999999974"
"393.71431272161414","453.99999999982"
"402.9451389542456","450.99999999994"
"325.33652722758046","447.0000000001"
"321.67166253562056","427.00000000012"
"369.13669757821765","394.99999999984"
"354.5066858228979","391.99999999996"
"348.0195382730413","396.99999999976"
"376.71283334917706","430.0"
"390.05560816877176","432.99999999988"
"373.900833737239","431.99999999992"
"376.0731977652033","385.00000000024"
"293.3817352183945","414.99999999982003"
"219.45537480801624","355.99999999984"
"226.7132174169243","246.00000000033992"
"214.1547929956488","249.00000000021998"
"266.08685024616386","241.99999999972"
"281.3691099096408","237.99999999987995"
"316.3101860442343","237.99999999987995"
"290.13664178879446","245.00000000037994"
"244.39208032206204","298.99999999978"
"254.22619425338428","350.00000000008"
"370.6463375769524","395.99999999979997"
"401.2210736801336","431.99999999992"
"393.1882367069892","429.00000000004"
"387.0628037197231","448.00000000005997"
"379.7169454427643","466.00000000012"
"347.25826712798863","460.00000000036"
"352.37862146901045","453.99999999982"
"361.31227098394453","440.00000000038"
"293.2409390707335","431.99999999992"
"335.6912191258888","406.00000000017997"
"364.87797957850694","421.00000000036"
"407.5181772776356","436.99999999972"
"401.77042020752475","429.00000000004"
"390.4606148521346","454.99999999978"
"402.9257708205903","425.00000000020003"
"321.0589458435414","386.0000000002"
"310.1776962492733","337.99999999977996"
"245.40323529315083","321.99999999964"
"234.5578537566687","287.00000000026"
"221.62493608857858","234.0000000000399"
"239.89836529802642","236.99999999991996"
"239.4542928435891","242.99999999968009"
"266.94975233613434","256.99999999990007"
"320.0732440567084","324.00000000034"
"353.56895453176196","410.00000000001995"
"356.49466085196116","445.00000000018"
"346.3607473690211","402.00000000034"
"390.51115871973934","402.00000000034"
"356.7810805795733","374.99999999986005"
"390.79328429633506","373.9999999999"
"381.67850938693897","365.00000000025994"
"352.06234402853556","326.00000000026"
"327.8668765468921","289.00000000017997"
"305.34748226256954","274.0"
"296.6048422592735","313.0"
"366.80522083322853","265.00000000036005"
"361.1041143234414","265.00000000036005"
"331.7498651256536","262.9999999996601"
"268.40350291485163","302.99999999962"
"270.54963092777365","262.9999999996601"
"261.964554249172","254.00000000002"
"233.09265836389648","258.99999999982003"
"216.479456928824","247.00000000030002"
"190.90712864204613","240.99999999976"
"166.1230351083086","240.99999999976"
"149.86590232362676","234.0000000000399"
"147.78717722453337","242.99999999968009"
"142.7169169444137","243.99999999964007"
"148.60947975784416","243.99999999964007"
"170.5835006165952","304.00000000036005"
"197.5967031911224","372.99999999994"
"226.05628754601764","391.99999999996"
"225.61377665236182","401.00000000038"
"246.95258982719224","355.99999999984"
"217.42957296426846","324.00000000034"
"209.5450140289447","301.99999999965996"
"212.0633190453526","295.99999999989996"
"218.5683610762552","293.00000000002"
"273.03620474303665","313.99999999996"
"320.0655576345365","305.00000000032003"
"303.0555301849551","328.00000000018"
"248.88272907030012","336.99999999982"
"208.41749220403472","329.00000000014"
"180.19549436828072","249.00000000021998"
"184.2332897139937","246.00000000033992"
"193.14613853602577","241.99999999972"
"165.87630870481416","236.99999999991996"
"192.49513002290564","224.99999999961994"
"173.0190148749823","180.99999999982003"
"191.8425605734583","185.99999999961994"
"189.54658377118164","193.00000000012005"
"162.50760901992976","174.00000000010004"
"143.5994137639475","153.00000000015996"
"134.8522378012592","201.99999999976"
"151.49799675497525","254.00000000002"
"163.36751394493797","250.00000000017997"
"162.34429078542792","253.00000000006003"
"139.05276635586074","251.00000000014006"
"152.72817418656473","238.99999999984004"
"155.72990934807683","231.00000000015996"
"166.63978060649106","222.99999999969998"
"181.43328329351357","223.99999999965996"
"174.870277233215","247.00000000030002"
"271.43805051494644","312.00000000004"
"251.80689756783556","351.00000000003996"
"264.8781951777079","395.99999999979997"
"288.6200361365459","371.99999999998"
"251.07352536605572","316.99999999984"
"249.35234478783775","305.00000000032003"
"145.1174517371179","242.99999999968009"
"128.4604506687541","230.00000000019998"
"140.10121414154742","222.99999999969998"
"139.44398807437392","215.99999999998"
"166.96866179596043","235.0"
"166.96866179596043","263.99999999962006"
"400.3853309178492","410.99999999998"
"404.1362720202108","447.0000000001"
"394.72144988348447","464.0000000002"
"395.0864491069634","461.00000000032"
"394.31608922921845","468.00000000004"
"382.89280715308456","470.99999999992"
"363.09462065953124","431.99999999992"
"373.62552416130626","425.00000000020003"
"353.38112890108175","431.99999999992"
"378.17356322490247","410.99999999998"
"367.2054845073634","395.99999999979997"
"397.5658757250816","410.99999999998"
"407.33785696201943","432.99999999988"
"399.9056400004558","437.99999999967997"
"399.16198727727715","440.00000000038"
"393.7266790530927","412.9999999999"
"376.19351878160813","356.99999999979997"
"331.9253490088809","313.0"
"303.76010753589367","296.99999999985994"
"284.82192654103704","286.0000000003"
"264.8570408096","276.99999999988006"
"274.73692827006545","261.9999999997"
"298.08597288995463","267.00000000028"
"299.7938318879296","293.99999999998"
"347.0812212101834","334.9999999999"
"280.6088277163036","421.00000000036"
"254.5324735478282","442.0000000003"
"287.73853528118246","430.99999999996"
"359.83329616003135","416.99999999974"
"445.45690078547455","416.99999999974"
"361.2393811300658","366.00000000022"
"273.52296275147125","350.00000000008"
"323.9386583662158","326.00000000026"
"334.1603676320859","334.9999999999"
"332.7649332399015","390.00000000004"
"377.2428425125423","424.00000000024"
"378.34559458092","447.0000000001"
"385.65762160471604","454.99999999978"
"374.5498813638421","460.00000000036"
"362.68115859773565","414.99999999982003"
"330.9364480793306","362.00000000038"
"307.0713737499046","281.99999999967997"
"217.25782337241913","217.99999999989996"
"182.6005910765756","194.00000000008004"
"174.06749661043511","184.99999999965996"
"172.38649694099047","184.99999999965996"
"252.5329024210755","198.99999999987995"
"294.9672984769485","232.00000000011994"
"311.41195683878004","306.00000000028"
"375.7392798436151","431.99999999992"
"423.97411514818265","367.00000000018"
"413.5595352456353","366.00000000022"
"490.45407094608544","366.00000000022"
"381.9061350163704","366.00000000022"
"272.6081428898209","277.99999999984004"
"294.1491377879878","275.99999999991996"
"244.73839670611562","275.99999999991996"
"247.87720705882805","246.00000000033992"
"202.85776099980217","242.99999999968009"
"243.6456079082776","245.00000000037994"
"265.5276067178344","242.99999999968009"
"274.8956149941121","241.99999999972"
"250.9105369682959","247.00000000030002"
"208.68704211106","243.99999999964007"
"282.91664177261157","237.99999999987995"
"274.4126095347605","223.99999999965996"
"267.8104195912863","160.99999999984004"
"289.536327646704","134.00000000013995"
"258.7611795425453","149.00000000031991"
"302.9778474586732","167.00000000038006"
"302.6801590336881","193.00000000012005"
"300.8842943821416","222.99999999969998"
"356.9387374984714","347.00000000020003"
"334.3065711025178","440.00000000038"
"350.69987365143515","462.00000000028"
"312.11541566977644","465.00000000015996"
"232.83821856146517","443.00000000026"
"285.53924863444826","440.00000000038"
"348.88508583354815","402.00000000034"
"317.010820231972","332.99999999998005"
"304.08760675156105","314.99999999992"
"262.6885423136896","316.99999999984"
"283.7519104975934","282.99999999963995"
"198.28609171144387","306.00000000028"
"224.83479531980902","291.00000000010004"
"188.7642278188912","305.00000000032003"
"186.64249592198178","307.00000000024"
"188.64585952129187","284.00000000038"
"191.36672807851585","217.99999999989996"
"218.14608909198796","196.0"
"222.76409812908844","83.99999999980002"
"261.00150584692733","73.00000000024"
"231.651751521846","75.00000000016007"
"205.5426116048094","79.99999999995998"
"196.43734114199185","122.99999999979991"
"290.62027937238804","168.00000000034004"
"288.2188066685059","215.99999999998"
"243.26334063487593","218.99999999985994"
"274.2264034181917","237.99999999987995"
"194.44397816997093","305.00000000032003"
"192.81637526192617","306.00000000028"
"248.2314274315139","305.00000000032003"
"240.10041966287838","288.00000000022"
"297.3995024155587","229.00000000024"
"301.12301874494585","219.99999999981992"
"370.76432848861435","208.00000000030002"
"346.6821066156202","203.99999999967997"
"345.69755243179554","212.00000000013995"
"362.36262511712755","211.00000000017997"
"317.9584745517445","208.00000000030002"
"258.9849484792164","304.00000000036005"
"226.03174574946524","237.99999999987995"
"258.04126746841484","182.99999999974"
"301.098916611645","176.00000000002"
"210.60716534189737","176.99999999998"
"268.37492720487626","165.99999999964007"
"269.6509654256432","167.00000000038006"
"260.62447196951484","163.99999999972"
"260.1895374300582","163.99999999972"
"208.39477980250172","168.00000000034004"
"187.42209138164674","162.99999999976"
"130.29511016750178","164.99999999967997"
"103.78613313427877","177.99999999993997"
"114.76561085315484","185.99999999961994"
"131.25717674405473","187.00000000036005"
"132.5744250032975","183.99999999969998"
"148.73886789779112","175.00000000006003"
"154.11477324641623","168.00000000034004"
"171.1284891976544","173.00000000014006"
"204.9573950047817","170.00000000026"
"268.1556340280481","173.00000000014006"
"268.31037605895676","185.99999999961994"
"359.2932924396743","240.99999999976"
"285.93925612184654","232.00000000011994"
"288.5802374010775","240.99999999976"
"374.0415173792093","365.00000000025994"
"399.12147523534185","351.99999999999994"
"269.0147791442999","229.00000000024"
"242.66305760981948","199.99999999984004"
"202.1550324332926","190.00000000024"
"188.36856531941078","190.00000000024"
"188.36856531941078","196.0"
"192.83853863022784","197.99999999991996"
"172.3621553450073","198.99999999987995"
"151.2502164603078","196.99999999995998"
"148.4123869194849","228.00000000028"
"247.59434011801955","266.00000000032003"
"235.00542013388622","290.00000000014006"
"292.46250257749153","295.99999999989996"
"350.94522113125606","305.00000000032003"
"188.60501638101925","223.99999999965996"
"199.735971956365","211.00000000017997"
"190.81802123310035","190.00000000024"
"165.2950197110531","193.00000000012005"
"202.14184198109967","237.99999999987995"
"291.3874269427448","298.99999999978"
"296.938508781683","338.99999999973994"
"298.8351963936175","356.99999999979997"
"297.6483408092509","355.99999999984"
"294.9257001254153","325.0000000003"
"293.14981090915154","197.99999999991996"
"258.8380480260321","180.99999999982003"
"301.68263695254115","152.00000000019998"
"281.83391703746776","133.00000000017997"
"231.5108976053374","120.99999999987995"
"250.5939461319124","112.00000000024"
"262.59795857008385","152.00000000019998"
"328.8479426590869","203.99999999967997"
"448.23299257209004","332.99999999998005"
"426.1772330689254","425.00000000020003"
"418.46391879828377","444.00000000022"
"416.4024126771037","436.99999999972"
"400.7725770154932","436.99999999972"
"396.0786396025305","436.99999999972"
"435.1320343275171","410.00000000001995"
"639.2553008479524","350.00000000008"
"633.1974354115747","350.00000000008"
"871.1087321178976","325.0000000003"
"741.2927749495287","325.0000000003"
"786.2467555254341","455.99999999974"
"809.4355493103322","488.00000000002"
"756.7918258786168","508.99999999996"
"623.9750127736995","548.99999999992"
"489.5615416941548","462.00000000028"
"402.15644638925306","425.00000000020003"
"364.0999195496136","295.99999999989996"
"407.3589466541214","251.00000000014006"
"363.22567199803285","247.00000000030002"
"280.9980072073497","228.00000000028"
"275.9390198809586","228.00000000028"
"235.96277814800476","224.99999999961994"
"296.81976646665777","238.99999999984004"
"311.652288161691","284.00000000038"
"353.51659449473004","371.00000000002"
"670.4629947669551","375.99999999982003"
"603.8020585126528","366.00000000022"
"743.4867152386943","365.00000000025994"
"1192.3421963207302","371.00000000002"
"418.7956620153399","325.0000000003"
"406.44335285546407","329.00000000014"
"407.7432473591106","357.99999999976"
"400.11140418490857","355.99999999984"
"394.50417497572295","293.99999999998"
"390.53709521932115","371.00000000002"
"406.38394512027924","370.00000000006"
"415.09663927498497","368.00000000014"
"414.88602219866436","365.00000000025994"
"394.2585279651054","364.00000000029996"
"394.9305316581801","279.99999999976"
"399.1192199143545","247.00000000030002"
"383.34479429218305","242.99999999968009"
"370.66185669926546","237.99999999987995"
"335.78200528378426","228.00000000028"
"290.6212825860586","218.99999999985994"
"348.57651369581356","237.99999999987995"
"395.9988470395152","265.00000000036005"
"398.94002333691867","395.99999999979997"
"389.1529286134704","469.0"
"386.1640821586696","500.00000000032"
"382.18863972658505","522.00000000022"
"391.53266613083053","522.00000000022"
"392.3578723740667","525.0000000001"
"387.14724501434256","502.00000000024"
"365.8605979284246","388.00000000012005"
"388.5945955642003","388.00000000012005"
"381.55382297770274","370.00000000006"
"382.8160440168971","367.00000000018"
"387.4856011686493","431.99999999992"
"372.1947965465116","469.0"
"387.06341393770407","474.99999999976"
"387.88021658949134","470.99999999992"
"400.99406615830463","447.0000000001"
"399.31544162120133","373.9999999999"
"394.4309031973055","328.00000000018"
"393.35515043625674","294.99999999994"
"360.6819285524812","276.99999999988006"
"351.37772644436944","271.00000000012"
"339.51284906857353","257.99999999986005"
"343.89298619951506","254.99999999998"
"403.44729482167446","282.99999999963995"
"402.62156190544175","370.00000000006"
"396.67088264453423","450.99999999994"
"385.6050174157475","463.00000000024"
"371.42884142501816","455.99999999974"
"371.5731950257306","450.99999999994"
"369.62189897717667","454.99999999978"
"330.84343225213433","455.99999999974"
"319.08614283446167","453.99999999982"
"307.0851473342589","447.0000000001"
"309.7638060299456","433.99999999984"
"352.7555874668298","402.00000000034"
"389.6088251228561","431.99999999992"
"357.3178703209525","452.99999999986"
"341.54157391129024","465.00000000015996"
"332.3006082040798","488.99999999998"
"260.64835873995617","424.00000000024"
"189.27055010454683","334.9999999999"
"165.41325550587908","154.00000000012005"
"134.3418820585756","151.00000000024"
"147.74855178469375","123.99999999976"
"169.84211701421543","121.99999999983993"
"185.07365670210595","119.99999999991996"
"199.50262454986307","118.99999999995998"
"216.7294658624662","121.99999999983993"
"232.63103996390134","149.00000000031991"
"248.6138249087645","155.00000000008004"
"244.84698750073244","170.00000000026"
"249.44117397897935","173.00000000014006"
"239.94821925215263","179.99999999986005"
"245.84674920491466","177.99999999993997"
"299.3106649848223","155.00000000008004"
"320.290851651686","130.00000000030002"
"320.8135578125652","124.99999999971999"
"298.2529813423033","125.99999999967997"
"341.4694432726456","146.99999999962006"
"300.61265221710556","160.99999999984004"
"338.9474685334839","274.0"
"307.9158033000938","237.99999999987995"
"329.3044557378886","274.0"
"277.8267551742893","176.99999999998"
"224.98124158116866","171.00000000021998"
"198.0428651269251","163.99999999972"
"225.99467626244802","157.9999999999601"
"200.71460593533072","137.99999999998"
"201.94226871907063","133.00000000017997"
"210.87562528634976","128.00000000037994"
"273.75862664893884","131.00000000026"
"274.95457895915604","146.99999999962006"
"232.45187966195715","226.00000000035993"
"280.2041585461306","278.9999999998"
"279.542909851394","301.99999999965996"
"268.12021523420935","350.00000000008"
"292.06005001067956","353.99999999992"
"349.04776975014977","345.00000000027995"
"306.3287970183181","279.99999999976"
"298.2705155379128","254.00000000002"
"313.8939477775497","260.99999999974"
"282.9883266224113","272.00000000008"
"300.36636440054815","278.9999999998"
"298.4611724425467","309.00000000015996"
"338.94392303432187","355.99999999984"
"321.666658031834","393.99999999988"
"359.7847666530925","431.99999999992"
"346.0846221646266","350.00000000008"
"254.31571842204028","314.99999999992"
"222.93131720850658","308.0000000002"
"279.41240781820596","285.00000000034004"
"211.03137920030986","254.00000000002"
"171.77519502809469","206.00000000038006"
"151.5559629538667","157.0"
"152.4811243593192","159.99999999988006"
"143.83349548978026","178.99999999990007"
"148.5854906090225","204.99999999963995"
"138.12838403615137","191.00000000019998"
"136.94462729064628","248.00000000026"
"143.6181249700884","255.9999999999401"
"137.70501030401329","256.99999999990007"
"144.43292761597831","248.00000000026"
"194.74325954908738","193.00000000012005"
"193.56023878120288","182.99999999974"
"185.84613437310054","141.99999999982003"
"238.47252747013795","155.00000000008004"
"227.91598333526622","193.00000000012005"
"235.2772402677267","258.99999999982003"
"330.600987892534","320.99999999968"
"372.9962210230043","409.00000000005997"
"435.23329240588424","440.00000000038"
"369.72152085879543","380.99999999961994"
"270.3375140880768","363.00000000034"
"215.91627169570415","297.99999999982003"
"158.46789665265374","177.99999999993997"
"141.7450442417569","159.99999999988006"
"144.78384531444783","153.00000000015996"
"209.88990373320723","144.99999999969998"
"188.0320747477606","140.99999999985994"
"216.13798233186083","169.00000000030002"
"199.58171152972818","271.00000000012"
"313.7467235550446","350.00000000008"
"283.68114293324","365.00000000025994"
"286.42469913023353","446.00000000014"
"286.836207041118","444.00000000022"
"331.7075651994167","432.99999999988"
"361.05202652719004","418.99999999966"
"360.1727698161233","424.00000000024"
"371.73266575343257","394.99999999984"
"376.2775490286428","396.99999999976"
"408.8657440088535","413.99999999986"
"440.31952865476165","445.00000000018"
"446.6171280196898","476.99999999968"
"423.0109797502059","513.99999999976"
"433.1415817007572","513.99999999976"
"408.19762590589204","448.00000000005997"
"386.99558842762656","396.99999999976"
"361.45477291526703","307.00000000024"
"281.0472112988559","307.00000000024"
"162.60243363415532","194.00000000008004"
"147.851600679464","190.00000000024"
"181.58823158585346","188.00000000032003"
"201.1762364874678","196.99999999995998"
"238.45656113440145","204.99999999963995"
"335.4056046292116","347.00000000020003"
"399.02179253195527","456.9999999997"
"387.1390655010363","346.00000000024005"
"385.5954304097443","286.0000000003"
"390.02702918960944","348.00000000016"
"354.5198009277582","324.00000000034"
"391.6556670452037","307.00000000024"
"368.8225489784281","345.00000000027995"
"333.09295179027674","285.00000000034004"
"362.1684444139488","280.99999999972"
"359.0721795159353","272.00000000008"
"405.59949609811935","367.00000000018"
"415.68058362575346","387.00000000015996"
"421.5301765960585","367.00000000018"
"396.8247882669589","375.99999999982003"
"350.4244980474423","374.99999999986005"
"257.22741011487983","285.00000000034004"
"209.3147388192674","231.00000000015996"
"201.78608562184718","208.00000000030002"
"210.78007759129434","196.99999999995998"
"168.86452511589937","196.99999999995998"
"216.54110210929514","196.0"
"144.43209898360567","196.99999999995998"
"144.27413090701134","207.00000000034004"
"246.4474811162695","231.00000000015996"
"364.5981918350955","253.00000000006003"
"375.5503751640719","271.00000000012"
"399.41095266259094","274.99999999996"
"301.6840748909618","285.00000000034004"
"351.3536478539294","254.99999999998"
"321.46391750645114","263.99999999962006"
"322.4404002951632","238.99999999984004"
"293.41810362083714","250.00000000017997"
"331.1522965698009","233.00000000007992"
"333.17721256331095","253.00000000006003"
"347.8993609614743","275.99999999991996"
"361.1245989235089","271.00000000012"
"380.4854846092942","285.00000000034004"
"382.1510764744758","285.00000000034004"
"375.5704707446917","296.99999999985994"
"344.91990611208826","296.99999999985994"
"428.396971586717","252.00000000010004"
"422.9278400519865","216.99999999993997"
"421.0694149302943","213.00000000009993"
"417.6559003052343","211.00000000017997"
"409.8931914307818","214.00000000006003"
"410.01997500057155","215.99999999998"
"414.6066301082671","232.00000000011994"
"423.5696057666506","345.00000000027995"
"393.0699216309859","394.99999999984"
"365.95218504013917","394.99999999984"
"365.24579068167054","394.99999999984"
"373.0793660435504","394.99999999984"
"378.52010769871697","394.99999999984"
"364.70572295010214","345.00000000027995"
"331.2259854854562","311.00000000008004"
"370.2525993534545","309.00000000015996"
"422.88573118012243","334.9999999999"
"467.56394304375726","326.00000000026"
"532.1911712716513","386.0000000002"
"599.1824017459231","410.99999999998"
"557.3733726889698","395.99999999979997"
"546.1209320636242","503.0000000002"
"546.5360281967378","394.99999999984"
"481.6667963405753","335.99999999986"
"447.82524995324053","285.00000000034004"
"368.9103105558594","271.00000000012"
"341.20099234508257","254.00000000002"
"325.37856014137395","238.99999999984004"
"310.25070179648515","235.0"
"284.8029565596824","233.00000000007992"
"315.8944510551676","263.99999999962006"
"416.63856831818634","347.00000000020003"
"498.65318730919773","403.0000000003"
"423.5042526472806","472.99999999984"
"443.2387604725274","453.99999999982"
"429.8652302041668","448.00000000005997"
"448.3398620256112","447.0000000001"
"360.97720336252274","394.99999999984"
"338.58207059363497","314.99999999992"
"298.91932631607034","305.00000000032003"
"354.7058469881994","314.99999999992"
"381.224642432866","320.99999999968"
"406.59591169880093","396.99999999976"
"453.26201868642283","394.99999999984"
"441.23281078534455","393.99999999988"
"442.1125676597496","380.99999999961994"
"409.0617572449696","274.99999999996"
"410.70903815075553","349.00000000012"
"388.3324265283042","271.00000000012"
"388.3311175426146","269.00000000020003"
"310.6335509856181","262.9999999996601"
"320.46300228077405","242.99999999968009"
"311.7451107126476","242.99999999968009"
"266.15525924352096","235.99999999995998"
"324.853767301128","242.99999999968009"
"367.3354094832363","245.00000000037994"
"373.2600730808501","258.99999999982003"
"331.3036435921714","271.00000000012"
"271.7351978686237","325.0000000003"
"276.8419227515515","266.00000000032003"
"231.41036546602493","236.99999999991996"
"300.5504663694892","228.00000000028"
"225.76056281672936","217.99999999989996"
"254.23216044464186","199.99999999984004"
"280.27347161454804","190.00000000024"
"311.72698875940847","200.99999999980002"
"311.428816643683","221.99999999974"
"306.0471831793356","223.99999999965996"
"312.07373160980376","229.00000000024"
"313.76895058805326","235.99999999995998"
"297.2794875135751","235.0"
"257.1333584846449","224.99999999961994"
"272.54774222213234","224.99999999961994"
"247.59463115018002","227.00000000032003"
"261.2069361410223","211.00000000017997"
"248.38072111257418","195.00000000004002"
"243.25809664023848","174.00000000010004"
"237.714211473521","162.99999999976"
"226.98992610500864","144.99999999969998"
"240.99439551647401","165.99999999964007"
"243.84808657593055","208.00000000030002"
"260.05418600109874","213.00000000009993"
"242.8229347522207","269.00000000020003"
"273.1583137686698","273.00000000004"
"296.3028757247683","279.99999999976"
"313.46488472567614","268.00000000024"
"243.20190819528852","236.99999999991996"
"274.70518004764267","217.99999999989996"
"275.0011508949361","197.99999999991996"
"300.9124904945175","215.99999999998"
"369.98902836483273","268.00000000024"
"385.7996239618651","326.00000000026"
"384.277151730895","406.00000000017997"
"388.24215518052483","394.99999999984"
"393.69043823913523","301.99999999965996"
"401.0737972142775","297.99999999982003"
"367.6216338524135","260.99999999974"
"321.13587420239327","128.00000000037994"
"260.0006462791479","117.00000000004002"
"231.21562307339366","117.00000000004002"
"201.8512311828922","125.99999999967997"
"219.37601570687048","132.00000000021998"
"247.39682377614395","117.00000000004002"
"255.96274125580112","252.00000000010004"
"229.22142700380914","237.99999999987995"
"214.055963051807","245.00000000037994"
"176.7772447987769","239.99999999980002"
"235.2466627806201","235.0"
"229.50831270593528","230.00000000019998"
"229.71328188300322","204.99999999963995"
"231.1707737155632","155.00000000008004"
"209.81396669434264","152.00000000019998"
"227.52673325757337","151.00000000024"
"240.1687482690204","151.00000000024"
"254.79076672511803","153.00000000015996"
"258.4736915668773","153.00000000015996"
"289.947914571388","153.00000000015996"
"272.31854115404747","215.99999999998"
"242.87593825876922","159.99999999988006"
"243.24425422161175","173.00000000014006"
"276.5540626491738","118.99999999995998"
"268.5165574853669","148.00000000035993"
"261.394358094789","145.99999999966008"
"267.01986430446266","139.99999999989996"
"276.37275526319047","130.00000000030002"
"276.3786700487067","148.00000000035993"
"254.9905925682591","191.00000000019998"
"292.09295194952824","223.99999999965996"
"277.8895962042965","235.0"
"272.5796765562122","245.00000000037994"
"272.5796765562122","246.00000000033992"
"270.68392176095193","246.00000000033992"
"282.06608975158275","243.99999999964007"
"401.7969741360948","242.99999999968009"
"393.3051058995966","242.99999999968009"
"403.87138901184323","243.99999999964007"
"397.3264634235292","241.99999999972"
"396.1112820092938","239.99999999980002"
"416.26734453969885","245.00000000037994"
"414.5376502543938","243.99999999964007"
"415.43399287798985","251.00000000014006"
"419.3109150523803","252.00000000010004"
"404.79737444659827","234.0000000000399"
"400.56469542173016","221.99999999974"
"362.15358227543356","203.99999999967997"
"294.4988266905333","210.00000000021998"
"370.82120062231","208.00000000030002"
"365.0769130410016","208.00000000030002"
"363.1399356407674","188.00000000032003"
"354.24058538514885","198.99999999987995"
"345.96127804337436","216.99999999993997"
"413.12504882299055","278.9999999998"
"420.46215151617247","390.00000000004"
"423.22653410677736","409.00000000005997"
"411.5411231374108","409.00000000005997"
"403.54167997111114","410.00000000001995"
"403.3633954073345","410.00000000001995"
"426.33530941509576","338.99999999973994"
"428.17837607213204","252.00000000010004"
"455.043865767392","275.99999999991996"
"443.0601908137785","271.00000000012"
"435.18624065738453","253.00000000006003"
"454.8169626438314","253.00000000006003"
"453.34646172297346","251.00000000014006"
"453.34646172297346","284.00000000038"
"430.638358219646","389.00000000008004"
"364.9287169657068","248.00000000026"
"294.7637893727548","275.99999999991996"
"323.6735498035567","217.99999999989996"
"298.9392603755293","235.0"
"295.5707346577592","234.0000000000399"
"301.0673325043041","227.00000000032003"
"323.86823937758163","212.00000000013995"
"301.4606813394395","223.99999999965996"
"335.9168153469145","250.00000000017997"
"403.82644790528286","307.00000000024"
"452.44535406976956","395.99999999979997"
"435.65329666311743","435.99999999976"
"407.4247991500592","410.00000000001995"
"411.3835043959027","409.00000000005997"
"426.6238114995868","372.99999999994"
"417.83243231945534","353.99999999992"
"414.9580775458562","346.00000000024005"
"410.7759123575799","334.9999999999"
"412.5754381704544","328.00000000018"
"407.80131028513637","309.00000000015996"
"421.9077235322518","332.99999999998005"
"425.0817717455183","337.99999999977996"
"400.7842633464895","350.00000000008"
"410.3245721442192","305.00000000032003"
"366.5787794555844","276.99999999988006"
"354.845550215276","251.00000000014006"
"335.8737689395963","240.99999999976"
"326.4428827407743","243.99999999964007"
"270.0633767755977","220.99999999978002"
"230.7318333182286","217.99999999989996"
"283.2448746476496","179.99999999986005"
"295.9749419914682","192.00000000015996"
"354.3992082443558","238.99999999984004"
"405.70953922709083","313.99999999996"
"418.2496765309763","410.00000000001995"
"419.2926323461766","473.9999999998"
"402.13243098527727","462.00000000028"
"402.00135550862615","417.99999999970004"
"366.3709449836671","376.99999999978"
"384.9895161204355","306.00000000028"
"348.06999778184445","277.99999999984004"
"322.6273729562243","275.99999999991996"
"322.29716146997794","261.9999999997"
"343.3556614986166","248.00000000026"
"365.8170879295075","266.00000000032003"
"381.53401347276315","267.00000000028"
"384.08221065029244","289.00000000017997"
"350.86220718386","271.00000000012"
"262.64229617470926","254.00000000002"
"242.2985339471512","237.99999999987995"
"246.70962199703513","212.00000000013995"
"244.32656956167034","235.0"
"220.7303644810678","208.00000000030002"
"175.63881077449707","202.99999999972"
"160.28921191090967","185.99999999961994"
"151.8794922728738","178.99999999990007"
"206.6405022155344","202.99999999972"
"218.0070663031902","216.99999999993997"
"181.67537251967872","229.00000000024"
"231.4395746321668","236.99999999991996"
"225.81350823839512","249.00000000021998"
"280.44726095462397","256.99999999990007"
"186.27374941711514","251.00000000014006"
"168.56128376990262","245.00000000037994"
"182.1468031730035","229.00000000024"
"210.58779604069434","217.99999999989996"
"229.31819171268307","227.00000000032003"
"272.96008229787816","228.00000000028"
"301.0761119981823","241.99999999972"
"287.6541373747487","251.00000000014006"
"233.8224609804961","250.00000000017997"
"182.7918989687871","236.99999999991996"
"186.46354836367698","221.99999999974"
"173.50311650513697","210.00000000021998"
"180.11303659194812","181.99999999978002"
"181.32713869857093","154.00000000012005"
"195.45748187102288","94.00000000017997"
"164.05202351903972","112.00000000024"
"208.78544594914763","117.00000000004002"
"245.83342568554758","92.00000000026"
"257.7333394354438","140.99999999985994"
"280.4569529943557","152.00000000019998"
"254.1487593822759","173.00000000014006"
"241.71423537054955","196.0"
"180.84817027780218","204.99999999963995"
"148.35392318442507","209.00000000026"
"164.92355592295303","207.00000000034004"
"185.77925985602417","193.00000000012005"
"204.17401423376464","184.99999999965996"
"224.0104043930944","185.99999999961994"
"226.65290535363556","185.99999999961994"
"215.82653022061095","167.00000000038006"
"223.04266691934288","246.00000000033992"
"212.34776453364634","237.99999999987995"
"229.5128402956459","241.99999999972"
"209.47099397859006","236.99999999991996"
"228.98426992527288","219.99999999981992"
"210.84868927530624","206.00000000038006"
"225.46797329435935","193.00000000012005"
"212.92137023134103","196.0"
"226.9838302712111","193.00000000012005"
"219.51649411476967","188.00000000032003"
"233.5344091126425","187.00000000036005"
"251.32269051409094","192.00000000015996"
"238.06795443854014","202.99999999972"
"246.87049223164388","231.00000000015996"
"259.01535294210964","238.99999999984004"
"270.0664909410163","270.00000000016"
"274.30940897168153","247.00000000030002"
"258.7603542757531","247.00000000030002"
"278.67704434236816","343.00000000036"
"352.00135811982943","282.99999999963995"
"333.84833765039326","284.00000000038"
"349.2902534290117","301.99999999965996"
"375.8541916225184","317.99999999979997"
"386.30429995518386","329.00000000014"
"391.73048942325283","387.00000000015996"
"379.0149660420801","456.9999999997"
"394.66595644717324","510.99999999988"
"361.91064353567145","345.00000000027995"
"322.1424893807127","266.00000000032003"
"267.06879413711044","235.99999999995998"
"237.0669517906406","199.99999999984004"
"267.60227079644915","260.99999999974"
"291.35384519678234","235.99999999995998"
"280.95572780832754","231.00000000015996"
"266.88385829252934","208.00000000030002"
"297.5077625785406","231.00000000015996"
"321.9483010737394","254.00000000002"
"335.05561470381656","331.00000000005997"
"397.63250498955324","413.99999999986"
"375.3143192492575","425.00000000020003"
"367.35801040257996","425.00000000020003"
"354.97425386979967","426.00000000016"
"354.14492807960414","415.99999999978"
"387.87673358075796","379.99999999965996"
"329.77376270435","330.0000000001"
"356.9242212955413","318.99999999976"
"365.85211450931206","321.99999999964"
"373.7184584159917","323.00000000038"
"407.5668188140002","410.00000000001995"
"391.0083612393966","464.0000000002"
"399.6360543814081","518.0000000003799"
"378.18096148528514","453.99999999982"
"362.1413184765624","321.99999999964"
"318.14052668538585","271.00000000012"
"266.01014269298184","204.99999999963995"
"260.674012127698","208.00000000030002"
"231.68230644978723","207.00000000034004"
"203.3840611176032","196.99999999995998"
"176.97229343747097","163.99999999972"
"152.99800379136184","174.00000000010004"
"211.45769271382107","215.99999999998"
"192.3813503379988","233.00000000007992"
"225.30947214232424","242.99999999968009"
"229.57316164139354","239.99999999980002"
"234.77441666451932","230.00000000019998"
"268.6678169955484","217.99999999989996"
"259.7114916421456","209.00000000026"
"257.07175049159457","208.00000000030002"
"257.77510275971747","209.00000000026"
"230.62382386326863","209.00000000026"
"292.4533160766181","209.00000000026"
"269.3705509510675","216.99999999993997"
"350.6113430078918","279.99999999976"
"410.7048945004985","365.00000000025994"
"410.03833096193307","447.0000000001"
"377.5228608414713","341.99999999962"
"352.2509065506501","245.00000000037994"
"302.86222284978356","197.99999999991996"
"256.2338031771168","164.99999999967997"
"209.6199259247038","223.99999999965996"
"227.62194050020037","193.00000000012005"
"210.51178472538595","194.00000000008004"
"287.481501651889","188.00000000032003"
"310.39502535979415","191.00000000019998"
"302.51690199325026","234.0000000000399"
"380.84667897318224","307.00000000024"
"420.6570665871322","488.99999999998"
"457.74505406645363","368.00000000014"
"461.622555211376","377.99999999974"
"437.2306220410107","390.00000000004"
"462.6910018357055","376.99999999978"
"417.91569801569807","429.00000000004"
"426.8345615628829","431.99999999992"
"427.88526220862724","438.99999999964"
"407.6364664514797","327.00000000022"
"402.8088957259109","327.00000000022"
"430.14030176785565","388.00000000012005"
"418.55465679832355","356.99999999979997"
"422.03729217026455","376.99999999978"
"418.71422173339556","350.00000000008"
"403.01006486280613","307.00000000024"
"390.9805574530157","285.00000000034004"
"358.34656177407174","235.0"
"319.07921440799294","214.00000000006003"
"309.2557829059111","209.00000000026"
"279.7411922567452","206.00000000038006"
"272.8023588480505","209.00000000026"
"299.08742279187084","218.99999999985994"
"265.423558418319","232.00000000011994"
"390.75703122263997","256.99999999990007"
"396.78146829973866","350.00000000008"
"402.54254052466416","349.00000000012"
"376.80636343637536","300.9999999997"
"373.62638577575325","271.00000000012"
"375.3731938355129","271.00000000012"
"352.5814157674357","271.00000000012"
"368.6935594261545","256.99999999990007"
"348.85028245834997","238.99999999984004"
"312.8781538063065","232.00000000011994"
"355.2770863104931","233.00000000007992"
"353.4928977691364","256.99999999990007"
"377.66806145942155","265.00000000036005"
"346.80237615686434","251.00000000014006"
"353.07470013888474","240.99999999976"
"373.79892150835286","235.99999999995998"
"384.99236185696003","230.00000000019998"
"378.16309076033343","222.99999999969998"
"370.21956123859457","216.99999999993997"
"385.4493537032568","215.99999999998"
"362.8714867996608","214.00000000006003"
"341.8528187912746","216.99999999993997"
"349.75047562467614","223.99999999965996"
"354.04663521522366","231.00000000015996"
"338.1991527145628","234.0000000000399"
"352.5368148550117","233.00000000007992"
"375.82762219675334","235.0"
"397.37769322172596","237.99999999987995"
"386.94491352015797","240.99999999976"
"346.43239529711354","238.99999999984004"
"288.10868132033704","235.0"
"198.9259002261232","232.00000000011994"
"194.98608778356993","230.00000000019998"
"198.9902310000906","227.00000000032003"
"242.5059279168462","229.00000000024"
"253.45563598057356","235.0"
"295.1685926995487","237.99999999987995"
"351.6126665440524","286.0000000003"
"305.2765225919303","263.99999999962006"
"233.5304395947578","235.99999999995998"
"235.9469479966558","231.00000000015996"
"271.6668196555535","223.99999999965996"
"247.4642282859753","220.99999999978002"
"258.2497427946155","199.99999999984004"
"261.9446321290584","202.99999999972"
"270.8713419084641","195.00000000004002"
"236.41585669795847","200.99999999980002"
"283.2272438512509","204.99999999963995"
"293.8768017454195","209.00000000026"
"215.89486973875512","209.00000000026"
"222.71188059331746","218.99999999985994"
"178.92076476844204","229.00000000024"
"169.49819685312264","232.00000000011994"
"166.97976552977536","233.00000000007992"
"150.5246959883508","232.00000000011994"
"152.23887817466778","214.00000000006003"
"170.33719133186514","179.99999999986005"
"169.12015659774102","162.99999999976"
"220.30872626241933","183.99999999969998"
"211.18111229113924","229.00000000024"
"182.12864563674918","237.99999999987995"
"227.42353624914074","243.99999999964007"
"258.79432889457007","240.99999999976"
"266.7985174833386","233.00000000007992"
"247.99249710721824","223.99999999965996"
"267.00324002061564","194.00000000008004"
"277.0695348507634","142.99999999978002"
"288.9261662699896","148.00000000035993"
"292.1096862619059","145.99999999966008"
"307.4920392175959","151.00000000024"
"288.2931202479022","171.00000000021998"
"318.9883454521115","223.99999999965996"
"347.1749277682284","245.00000000037994"
"366.67793067614286","257.99999999986005"
"356.86976355987133","261.9999999997"
"290.6780780521482","261.9999999997"
"271.27578728534274","269.00000000020003"
"308.8840150342659","263.99999999962006"
"307.62510539723553","256.99999999990007"
"280.80447578413697","258.99999999982003"
"340.402671913539","279.99999999976"
"394.9059342603218","250.00000000017997"
"342.08989170127387","251.00000000014006"
"380.4567506139794","274.99999999996"
"348.0929231523279","291.00000000010004"
"381.66393354364124","260.99999999974"
"389.97765225082014","255.9999999999401"
"326.7317475284771","245.00000000037994"
"271.2230743101012","235.0"
"281.8543674458233","219.99999999981992"
"234.59173470469955","216.99999999993997"
"238.31314454654375","203.99999999967997"
"242.36529331759186","198.99999999987995"
"213.80365888855522","198.99999999987995"
"201.60797401397997","213.00000000009993"
"227.91031330917212","235.99999999995998"
"231.95472740313164","249.00000000021998"
"199.05824652588035","269.00000000020003"
"186.47054086687456","270.00000000016"
"165.8752389648887","263.99999999962006"
"187.53740966613873","263.99999999962006"
"224.87106251959267","260.99999999974"
"227.77551362149347","255.9999999999401"
"276.4236667758175","254.00000000002"
"305.01659679188805","252.00000000010004"
"384.16841077174627","251.00000000014006"
"417.5479741256877","249.00000000021998"
"444.6260049254938","260.99999999974"
"433.45423271755226","292.00000000006"
"461.02774247137614","385.00000000024"
"447.83984676226305","293.99999999998"
"431.3166827276357","356.99999999979997"
"414.52367043113617","278.9999999998"
"385.0049784348172","239.99999999980002"
"422.15509525578636","243.99999999964007"
"352.17155373934287","240.99999999976"
"347.1001584352149","238.99999999984004"
"348.59978417511144","236.99999999991996"
"361.54291100884996","241.99999999972"
"338.32817194619423","258.99999999982003"
"388.44805881663774","296.99999999985994"
"680.8782560509819","390.00000000004"
"661.5355566572945","422.00000000032"
"428.4501098243729","422.00000000032"
"427.3360332406073","462.00000000028"
"411.38496622725427","402.00000000034"
"358.502666529661","388.00000000012005"
"381.7377848910189","358.99999999972"
"392.67738956833557","366.00000000022"
"402.5984337419956","350.00000000008"
"424.4812281229635","349.00000000012"
"449.7818207744149","390.00000000004"
"448.7397439190914","477.99999999964"
"458.63306947004133","672.9999999996401"
"424.220566525036","456.9999999997"
"420.06073412947416","410.99999999998"
"399.6946451564493","394.99999999984"
"395.1868900876605","290.00000000014006"
"428.0274446432111","293.99999999998"
"428.6606143443356","268.00000000024"
"425.7508873603121","259.99999999978"
"438.54704090254427","253.00000000006003"
"435.1508887172368","260.99999999974"
"444.1731684419993","289.00000000017997"
"424.04385998831265","396.99999999976"
"445.59024817442827","527.00000000002"
"477.0242562148233","549.99999999988"
"469.2398660221293","522.00000000022"
"463.3153557816002","471.99999999988"
"451.9590558468087","433.99999999984"
"619.04870295463","388.00000000012005"
"614.3344593302425","365.00000000025994"
"611.0826545185114","372.99999999994"
"571.864925671009","396.99999999976"
"613.1162736225435","394.99999999984"
"622.2544132143964","448.00000000005997"
"627.3474799768626","481.0000000003"
"585.1220469773939","608.9999999998599"
"544.7088619835283","431.99999999992"
"493.64614657768425","396.99999999976"
"484.7296464930537","335.99999999986"
"464.90015746008936","276.99999999988006"
"389.6486898668086","265.00000000036005"
"413.3087995509879","245.00000000037994"
"414.55765120955385","239.99999999980002"
"336.7852483537978","229.00000000024"
"376.94419648300527","236.99999999991996"
"375.0720162862241","249.00000000021998"
"395.7261296907449","302.99999999962"
"396.74229276007367","340.99999999966"
"359.00710084998667","336.99999999982"
"328.6733892895387","320.99999999968"
"312.660217932336","307.00000000024"
"283.5720098478897","292.00000000006"
"304.73683518217996","285.00000000034004"
"344.8054800252062","276.99999999988006"
"325.6768487780912","270.00000000016"
"356.98638083815393","263.99999999962006"
"362.8087515206896","262.9999999996601"
"357.2936403816045","271.00000000012"
"356.37156810773894","276.99999999988006"
"329.4799742986186","277.99999999984004"
"298.5353567913761","268.00000000024"
"246.28952854614045","263.99999999962006"
"198.42968378154387","258.99999999982003"
"224.56710427402822","249.00000000021998"
"260.91599010156335","228.00000000028"
"239.99256767354188","229.00000000024"
"250.14746632409367","177.99999999993997"
"239.05080609512117","165.99999999964007"
"211.26601689028234","219.99999999981992"
"188.5183872318065","214.00000000006003"
"231.91523883706134","234.0000000000399"
"222.7720903442421","255.9999999999401"
"224.10815689003266","259.99999999978"
"232.53012361591243","263.99999999962006"
"260.77158265954915","261.9999999997"
"286.29070076927155","256.99999999990007"
"325.4069660373836","250.00000000017997"
"346.35141993803813","250.00000000017997"
"365.2965676271092","252.00000000010004"
"372.3775618597448","255.9999999999401"
"403.0071040140286","265.00000000036005"
"415.6576313901669","285.00000000034004"
"411.6097206232731","344.00000000032"
"408.5806305850751","343.00000000036"
"400.5178220663067","287.00000000026"
"385.70912471949276","271.00000000012"
"368.2241531462446","268.00000000024"
"332.7068890441664","253.00000000006003"
"234.74015184321763","223.99999999965996"
"326.16612766326466","172.00000000018008"
"356.35961703746744","125.99999999967997"
"265.84683667237755","165.99999999964007"
"304.0213736701009","194.00000000008004"
"323.8219895297814","197.99999999991996"
"305.1081049413608","210.00000000021998"
"336.3438341984763","217.99999999989996"
"347.36020520250315","216.99999999993997"
"351.87225942818907","236.99999999991996"
"354.9115379604021","242.99999999968009"
"369.61549350245366","245.00000000037994"
"364.7030859411483","248.00000000026"
"364.51245590525235","237.99999999987995"
"369.8807848087868","235.0"
"365.7225214902781","232.00000000011994"
"366.9887604383313","245.00000000037994"
"364.2504649610408","258.99999999982003"
"390.5539039255566","288.00000000022"
"383.38647226593633","331.00000000005997"
"367.2875769204513","282.99999999963995"
"364.0695668275427","272.00000000008"
"366.7342876712893","259.99999999978"
"376.852224876397","250.00000000017997"
"376.88033225734966","256.99999999990007"
"287.50911032326445","223.99999999965996"
"247.70933840788507","170.00000000026"
"258.6023849537761","202.99999999972"
"324.80316046120697","93.00000000021998"
"339.6801586794008","162.99999999976"
"364.3410309318185","355.99999999984"
"440.83933709132566","430.99999999996"
"445.7982215810639","448.00000000005997"
"415.3097120090163","448.00000000005997"
"407.9789673270981","445.00000000018"
"407.67509948966983","438.99999999964"
"407.1527690514739","402.00000000034"
"406.9859646604655","357.99999999976"
"391.6328519555347","348.00000000016"
"390.49431391187534","328.00000000018"
"405.43844305558014","301.99999999965996"
"405.90322677636675","356.99999999979997"
"410.238688745506","448.00000000005997"
"407.51706247110985","448.00000000005997"
"388.2438299980697","347.00000000020003"
"377.1671720064937","275.99999999991996"
"338.25163399360173","255.9999999999401"
"303.08894951064525","238.99999999984004"
"277.0784896760239","238.99999999984004"
"277.69828135424785","234.0000000000399"
"276.7671477616796","221.99999999974"
"280.2904997435866","204.99999999963995"
"275.5119825016582","210.00000000021998"
"286.5659440837447","238.99999999984004"
"342.94324043369573","287.00000000026"
"359.1985063626364","286.0000000003"
"371.0335100086285","298.99999999978"
"342.96140899800054","293.99999999998"
"312.31421610230854","290.00000000014006"
"305.6845345031908","278.9999999998"
"325.28477578810663","273.00000000004"
"332.0374297414337","268.00000000024"
"342.3662318938267","267.00000000028"
"353.21788618784257","267.00000000028"
"292.07474523855325","267.00000000028"
"344.0047569133197","274.0"
"354.8868441034305","284.00000000038"
"355.6528818897201","284.00000000038"
"278.9782121242563","274.0"
"230.79672793439966","260.99999999974"
"201.98571025357387","254.99999999998"
"196.9133541325465","238.99999999984004"
"173.44100572795776","231.00000000015996"
"171.81109137447572","204.99999999963995"
"179.26590828892677","201.99999999976"
"178.6694010514526","168.00000000034004"
"192.55836528926488","200.99999999980002"
"275.7885495575065","239.99999999980002"
"326.97602157977633","259.99999999978"
"323.87381289074716","273.00000000004"
"348.02023353151066","279.99999999976"
"345.91343402041986","277.99999999984004"
"351.7267031258377","277.99999999984004"
"360.549383911877","277.99999999984004"
"351.89960254746535","276.99999999988006"
"324.40580075686626","274.99999999996"
"296.43141643701944","268.00000000024"
"292.27394473181835","268.00000000024"
"320.92201481849605","269.00000000020003"
"313.64415251042465","276.99999999988006"
"366.7376168480919","286.0000000003"
"328.3717982882437","284.00000000038"
"312.0087514859236","275.99999999991996"
"335.4277780566727","267.00000000028"
"326.68974783153976","256.99999999990007"
"323.5746159342807","236.99999999991996"
"328.371715358521","234.0000000000399"
"300.19273886655685","224.99999999961994"
"270.31928228918866","216.99999999993997"
"251.80664368433372","204.99999999963995"
"256.835583566404","196.0"
"300.7394943392551","229.00000000024"
"353.8494304876549","298.99999999978"
"349.33347306929574","304.00000000036005"
"336.7741398884146","294.99999999994"
"298.6863354401553","294.99999999994"
"328.3442584716043","281.99999999967997"
"318.3428204846818","270.00000000016"
"312.64057430060194","260.99999999974"
"324.8220478442702","256.99999999990007"
"317.1946283570956","260.99999999974"
"317.29582407920503","268.00000000024"
"332.935931616617","266.00000000032003"
"346.82669881671075","269.00000000020003"
"358.2625164397164","274.0"
"357.3868184681985","272.00000000008"
"359.0808760232447","265.00000000036005"
"367.1318873307171","256.99999999990007"
"372.08032544524707","252.00000000010004"
"366.42669300873854","239.99999999980002"
"348.2785415178793","242.99999999968009"
"332.6283130060758","237.99999999987995"
"291.946020654116","228.00000000028"
"241.76666380134566","223.99999999965996"
"236.15481381645327","228.00000000028"
"322.3153240430142","235.99999999995998"
"358.83379698595775","275.99999999991996"
"391.98002953933434","292.00000000006"
"402.10451292299985","351.00000000003996"
"424.898127257911","276.99999999988006"
"438.69667586992796","271.00000000012"
"418.84761413661886","270.00000000016"
"365.53765687953114","265.00000000036005"
"365.99359102110225","259.99999999978"
"370.9524771771787","256.99999999990007"
"365.1823673391533","263.99999999962006"
"362.7776293552314","268.00000000024"
"355.41025409680594","300.9999999997"
"368.9910112581609","475.99999999972"
"353.6021057782708","391.99999999996"
"355.1596563452631","341.99999999962"
"361.77447182512367","275.99999999991996"
"360.0086070260624","252.00000000010004"
"346.54092295117886","246.00000000033992"
"319.79895263145","245.00000000037994"
"333.99363222459425","239.99999999980002"
"339.1736337127466","240.99999999976"
"304.9101628041261","232.00000000011994"
"321.451775429621","231.00000000015996"
"338.5019996904958","232.00000000011994"
"340.2913872246923","236.99999999991996"
"347.11790283823734","247.00000000030002"
"346.53289958126516","281.99999999967997"
"341.21140781117","282.99999999963995"
"340.12150679239267","267.00000000028"
"333.0460182691047","254.99999999998"
"325.06643222261795","247.00000000030002"
"315.2736831989792","246.00000000033992"
"324.9012323705053","245.00000000037994"
"343.300519359071","249.00000000021998"
"358.0787672645765","265.00000000036005"
"364.8577900697412","311.00000000008004"
"378.65355201756864","394.99999999984"
"374.42302491738275","458.99999999962"
"376.73445645356753","365.00000000025994"
"373.1475377115494","306.00000000028"
"374.75837877498276","332.99999999998005"
"367.4392496267041","282.99999999963995"
"334.88119347696033","248.00000000026"
"325.13578992569","242.99999999968009"
"321.5415979290973","238.99999999984004"
"304.27716408137076","219.99999999981992"
"303.38926631264115","207.00000000034004"
"306.55765803653844","223.99999999965996"
"305.49863306905416","215.00000000002"
"321.28404157429486","235.99999999995998"
"340.90783210016923","253.00000000006003"
"369.72973187172863","282.99999999963995"
"369.2876705373606","296.99999999985994"
"369.4589874545837","292.00000000006"
"370.75984313814774","253.00000000006003"
"338.4335947317289","242.99999999968009"
"322.0967616821741","235.99999999995998"
"332.42036530408757","242.99999999968009"
"375.89752526205444","253.00000000006003"
"395.45648047227576","321.99999999964"
"413.3242873252931","394.99999999984"
"407.4059117317103","462.00000000028"
"398.2646451974272","345.00000000027995"
"382.22444276427524","300.9999999997"
"362.0219343189832","269.00000000020003"
"365.43251983808295","252.00000000010004"
"331.00774048663817","247.00000000030002"
"326.10259940401124","240.99999999976"
"312.204880104952","238.99999999984004"
"306.84997514945707","237.99999999987995"
"301.0850271640737","238.99999999984004"
"323.2266804094904","254.00000000002"
"335.1079085519412","274.99999999996"
"387.5984373283778","394.99999999984"
"403.9158894223699","343.00000000036"
"402.26782449531646","338.99999999973994"
"395.58360240233975","301.99999999965996"
"405.470265828924","392.99999999992"
"376.28555225991767","318.99999999976"
"366.57398324453493","295.99999999989996"
"375.41931472220807","295.99999999989996"
"377.05504897982735","300.9999999997"
"370.9579254143732","281.99999999967997"
"391.26745674705523","291.00000000010004"
"410.9563760575209","500.00000000032"
"398.9156790319744","541.00000000024"
"390.81675162380776","442.0000000003"
"380.03343896506414","384.00000000028"
"375.61518524619856","370.00000000006"
"355.7178588753178","271.00000000012"
"317.1607357233456","259.99999999978"
"323.7980511443405","255.9999999999401"
"321.5311128232463","253.00000000006003"
"310.45286949155457","253.00000000006003"
"296.2258657942229","255.9999999999401"
"326.6946719630579","259.99999999978"
"366.1936871389696","295.99999999989996"
"395.93586875667694","454.99999999978"
"401.8475094964825","469.0"
"405.0948012330727","494.99999999974"
"402.57529796169007","479.00000000038"
"399.66524866816104","457.99999999966"
"413.32574519941653","410.00000000001995"
"408.5223517068124","410.00000000001995"
"394.4889100567113","394.99999999984"
"378.74484975898815","388.00000000012005"
"380.6294330297404","390.00000000004"
"406.6904645848568","431.99999999992"
"428.0993595227936","476.99999999968"
"434.58502950724767","539.00000000032"
"424.2410379854688","430.99999999996"
"384.700836607432","384.00000000028"
"356.9355250674558","333.99999999994003"
"359.4474165504001","265.00000000036005"
"371.14775132376195","266.00000000032003"
"362.5221979211446","257.99999999986005"
"344.52053431767933","249.00000000021998"
"358.24148193896986","258.99999999982003"
"351.89142954462955","262.9999999996601"
"365.2355334292001","278.9999999998"
"362.42035958604987","434.9999999998"
"355.49482519526737","296.99999999985994"
"336.3334761149719","384.00000000028"
"337.90470169597484","351.99999999999994"
"324.5842473087595","301.99999999965996"
"322.2869960835811","293.99999999998"
"329.65999493435885","290.00000000014006"
"318.3335213166407","287.00000000026"
"329.85372322774293","285.00000000034004"
"336.57658206588803","282.99999999963995"
"356.7794842397241","284.00000000038"
"368.5981234413098","290.00000000014006"
"417.55490711568586","502.00000000024"
"392.53806090147265","495.9999999997"
"367.8640059982993","384.00000000028"
"364.3688377259769","385.00000000024"
"335.23706324524045","334.9999999999"
"298.1537880917077","263.99999999962006"
"302.1469363928362","265.00000000036005"
"276.51200575809094","259.99999999978"
"253.44964996009855","254.99999999998"
"264.42039649267554","255.9999999999401"
"277.1987156092454","258.99999999982003"
"289.55386025254865","265.00000000036005"
"318.228077141368","284.00000000038"
"335.8364410397053","304.00000000036005"
"313.9689129961446","315.99999999988"
"265.7035311816401","313.99999999996"
"273.60892178342954","311.00000000008004"
"257.97581568215594","307.00000000024"
"237.93402650459973","300.9999999997"
"238.522750531415","292.00000000006"
"245.68137393407346","285.00000000034004"
"256.29188375380033","279.99999999976"
"257.5513424210624","277.99999999984004"
"250.36860971359692","278.9999999998"
"241.78160735604047","284.00000000038"
"240.3734351489444","279.99999999976"
"242.16622202183657","274.0"
"289.8385502368024","271.00000000012"
"351.7239516752272","263.99999999962006"
"389.6751918018376","253.00000000006003"
"337.713028634174","251.00000000014006"
"327.85873426451974","245.00000000037994"
"333.9466945981081","235.99999999995998"
"342.33080213368015","248.00000000026"
"340.29008860685235","258.99999999982003"
"345.4595988111151","265.00000000036005"
"347.7142161827657","279.99999999976"
"348.0741066977325","297.99999999982003"
"328.64292733419626","298.99999999978"
"330.00369075010843","295.99999999989996"
"309.6056153815844","292.00000000006"
"344.3172760978717","288.00000000022"
"355.4658190906996","281.99999999967997"
"376.3678700062382","277.99999999984004"
"382.5130473505387","274.99999999996"
"535.7433802064451","271.00000000012"
"399.91611392939024","274.0"
"415.4576996629977","281.99999999967997"
"419.14523198966083","371.00000000002"
"394.33248951150557","286.0000000003"
"398.2677196900127","277.99999999984004"
"382.15599595563015","273.00000000004"
"374.1906039518678","269.00000000020003"
"376.92180443057623","263.99999999962006"
"370.5629010415865","269.00000000020003"
"361.61024495795544","265.00000000036005"
"358.6064954427792","261.9999999997"
"367.01899403846187","254.00000000002"
"363.3482163415391","253.00000000006003"
"358.5601666047859","257.99999999986005"
"358.4546472714355","256.99999999990007"
"342.6767083358493","270.00000000016"
"359.3581491413208","278.9999999998"
"365.66204686858646","282.99999999963995"
"380.42118209621816","281.99999999967997"
"358.2001136561387","279.99999999976"
"307.7798791251004","279.99999999976"
"314.9971606467093","270.00000000016"
"330.6624421504756","268.00000000024"
"349.16239593312747","269.00000000020003"
"359.4217277860943","269.00000000020003"
"413.6101156787888","282.99999999963995"
"421.3998791473684","347.00000000020003"
"405.04976147508614","330.0000000001"
"377.3372970260162","278.9999999998"
"348.1543222454299","269.00000000020003"
"338.14522228538306","263.99999999962006"
"339.848101148899","253.00000000006003"
"333.0181987418208","255.9999999999401"
"343.9110460925458","250.00000000017997"
"353.48526118725925","248.00000000026"
"354.35942004419815","242.99999999968009"
"350.55793307661537","242.99999999968009"
"346.86163805029406","252.00000000010004"
"343.00555998132063","258.99999999982003"
"352.00760021486445","261.9999999997"
"351.15729622671483","269.00000000020003"
"334.52873107528234","269.00000000020003"
"331.15899126099873","270.00000000016"
"327.09368245481244","273.00000000004"
"341.2843178182849","268.00000000024"
"341.13337671988285","269.00000000020003"
"342.2774644789478","269.00000000020003"
"349.8456191888132","274.0"
"366.30907648787064","281.99999999967997"
"394.1047368253577","292.00000000006"
"378.7147562632263","297.99999999982003"
"345.9294187524908","289.00000000017997"
"334.0258381938089","277.99999999984004"
"326.9922183890636","268.00000000024"
"295.32582200862606","263.99999999962006"
"275.2374164740702","249.00000000021998"
"255.3073692976351","239.99999999980002"
"263.27737276848507","238.99999999984004"
"262.03901503251814","236.99999999991996"
"240.28213988572088","233.00000000007992"
"232.9364587682653","167.00000000038006"
"230.44464155366722","220.99999999978002"
"275.3658951910498","273.00000000004"
"310.1283871173827","280.99999999972"
"315.98697014559133","284.00000000038"
"319.84072582006985","281.99999999967997"
"311.6391445467359","280.99999999972"
"318.72947296417794","276.99999999988006"
"284.82044091929856","277.99999999984004"
"281.993896723996","282.99999999963995"
"290.0708305056531","282.99999999963995"
"295.1107444239451","282.99999999963995"
"290.0454022065384","288.00000000022"
"300.3041648401935","293.99999999998"
"314.7442384607737","294.99999999994"
"314.7193815925341","287.00000000026"
"367.65604967555976","276.99999999988006"
"361.8375960906243","268.00000000024"
"358.755844635124","261.9999999997"
"345.10197696862275","242.99999999968009"
"355.432066907683","251.00000000014006"
"355.6067046640738","247.00000000030002"
"356.2910863203422","247.00000000030002"
"371.89588244625827","253.00000000006003"
"369.1383427964894","256.99999999990007"
"377.2617341901092","269.00000000020003"
"393.9898824091265","288.00000000022"
"439.34400268137716","319.99999999972005"
"482.4048345134036","458.99999999962"
"422.3258944576055","467.00000000008"
"399.5649810311685","490.9999999999"
"392.0420150108395","489.99999999994"
"426.0297646432354","295.99999999989996"
"433.4777877040552","297.99999999982003"
"447.93291549714183","296.99999999985994"
"463.54191403111923","293.00000000002"
"466.29161358679784","302.99999999962"
"458.78062299426665","550.99999999984"
"427.57472101054185","320.99999999968"
"431.99248109809173","299.99999999974"
"413.71380498800403","292.00000000006"
"397.56032753611265","287.00000000026"
"346.5136860212143","277.99999999984004"
"336.06311453986507","267.00000000028"
"344.0242435970826","267.00000000028"
"320.7759790443287","261.9999999997"
"321.0597875571583","258.99999999982003"
"316.25426599083136","260.99999999974"
"317.35304431317746","261.9999999997"
"316.3444350014439","269.00000000020003"
"293.540921865486","280.99999999972"
"274.8578296879043","297.99999999982003"
"263.47351001988966","299.99999999974"
"250.14710265639064","293.99999999998"
"245.2004719884069","290.00000000014006"
"272.25456165132726","287.00000000026"
"309.6418829052458","281.99999999967997"
"310.43309444839826","280.99999999972"
"315.00078757165625","279.99999999976"
"317.5969243817768","278.9999999998"
"317.2134579993771","281.99999999967997"
"326.7187502773117","287.00000000026"
"305.2899329765374","289.00000000017997"
"300.85098481600494","284.00000000038"
"287.86814479574764","278.9999999998"
"300.6281360827493","273.00000000004"
"296.7661537290481","261.9999999997"
"285.7234050420725","251.00000000014006"
"261.6618270831575","238.99999999984004"
"275.21357460549405","203.99999999967997"
"274.46583724936215","193.00000000012005"
"277.348182206543","157.0"
"263.2385873347067","162.99999999976"
"266.2486520953927","203.99999999967997"
"273.7430929595055","245.00000000037994"
"267.8643360986641","259.99999999978"
"261.369820189502","259.99999999978"
"257.69760635790703","277.99999999984004"
"278.0370497690757","274.99999999996"
"283.3888522193632","274.99999999996"
"285.2605784760928","272.00000000008"
"279.3812826534386","261.9999999997"
"278.5962255778243","254.99999999998"
"276.3782712829373","251.00000000014006"
"288.39603465404576","252.00000000010004"
"309.1993434029554","297.99999999982003"
"298.19959618672425","288.00000000022"
"284.85424895297575","279.99999999976"
"294.9017723263708","273.00000000004"
"297.3827656699361","261.9999999997"
"268.2135759191542","246.00000000033992"
"230.7774336326096","199.99999999984004"
"199.35890438454783","116.00000000008004"
"220.55007637602296","96.00000000010004"
"221.7549475764556","96.00000000010004"
"193.91446101410622","81.99999999988006"
"209.19757857933428","83.99999999980002"
"284.40863421286593","194.00000000008004"
"284.14613779371797","257.99999999986005"
"328.05621233525306","300.9999999997"
"318.8134855588139","274.99999999996"
"330.7466081218767","268.00000000024"
"298.1454870966761","257.99999999986005"
"287.5027277550097","253.00000000006003"
"271.8012347210791","247.00000000030002"
"279.43986987987273","247.00000000030002"
"299.3544187734511","257.99999999986005"
"302.8056589635181","257.99999999986005"
"316.9050191769622","266.00000000032003"
"319.7935284752557","278.9999999998"
"337.2961581738737","275.99999999991996"
"348.880558794122","270.00000000016"
"340.09875238834803","260.99999999974"
"293.42696170483106","257.99999999986005"
"310.23691211797865","257.99999999986005"
"281.603989980546","227.00000000032003"
"296.1868413848288","216.99999999993997"
"288.1749068635122","200.99999999980002"
"289.31735691878936","152.00000000019998"
"296.0934068170703","157.0"
"297.73520281147165","141.99999999982003"
"300.89072789812974","202.99999999972"
"300.89072789812974","212.00000000013995"
"236.94638087694693","215.00000000002"
"281.42251830511566","247.00000000030002"
"274.35674920220623","254.99999999998"
"306.95322593518216","257.99999999986005"
"317.046144917497","257.99999999986005"
"349.16986681441523","254.00000000002"
"345.12559560886433","254.00000000002"
"325.92297623164916","253.00000000006003"
"342.97922273083793","256.99999999990007"
"367.92218487359565","266.00000000032003"
"358.0639851217698","273.00000000004"
"353.8612104370122","274.99999999996"
"355.4376212896835","268.00000000024"
"337.6717073927225","266.00000000032003"
"350.87001327360787","239.99999999980002"
"340.25406216065016","246.00000000033992"
"314.950821624589","213.00000000009993"
"304.4751669913135","183.99999999969998"
"280.0303083953872","154.00000000012005"
"263.04023846556333","130.00000000030002"
"290.18912026770624","119.99999999991996"
"313.0447444023121","112.00000000024"
"303.38254939422336","122.99999999979991"
"291.16777033905356","81.99999999988006"
"305.6176976551679","221.99999999974"
"314.4267236492779","228.00000000028"
"303.33420450317766","238.99999999984004"
"326.08750319152153","254.00000000002"
"341.59292101869374","261.9999999997"
"336.881289170408","266.00000000032003"
"335.35621909436924","257.99999999986005"
"342.4692228972133","250.00000000017997"
"338.63211259687955","251.00000000014006"
"349.1764630067176","261.9999999997"
"354.1048778447453","277.99999999984004"
"358.6208148556955","290.00000000014006"
"357.5176104579523","292.00000000006"
"355.53295011690074","272.00000000008"
"348.77708940400373","250.00000000017997"
"349.29291144682065","257.99999999986005"
"344.4848737551054","232.00000000011994"
"314.0129044577416","232.00000000011994"
"322.1897184364322","228.00000000028"
"297.45747829848074","224.99999999961994"
"280.8946587991228","224.99999999961994"
"313.6274420884503","228.00000000028"
"320.22924205644256","155.00000000008004"
"349.4459694976244","301.99999999965996"
"362.23947537132415","365.00000000025994"
"352.3614333577547","301.99999999965996"
"362.06445969376836","297.99999999982003"
"352.6942198992907","296.99999999985994"
"351.6746271644892","293.99999999998"
"340.116420285848","286.0000000003"
"340.30627606679525","284.00000000038"
"340.30627606679525","282.99999999963995"
"348.52897591156983","281.99999999967997"
"356.71159782671464","293.00000000002"
"373.4026335654012","441.00000000034004"
"360.3915309354218","351.99999999999994"
"366.00136786183117","284.00000000038"
"354.10811022983694","276.99999999988006"
"349.6295999357781","271.00000000012"
"343.9054157735018","260.99999999974"
"325.2049003925754","251.00000000014006"
"322.5320031203467","228.00000000028"
"325.5730393784429","229.00000000024"
"324.89974908912063","231.00000000015996"
"320.5898465748022","237.99999999987995"
"320.0282869286409","230.00000000019998"
"338.2476144555137","269.00000000020003"
"350.9516789294049","271.00000000012"
"371.4212133140065","284.00000000038"
"379.6549341607198","289.00000000017997"
"365.6179048149149","284.00000000038"
"364.43045099673816","284.00000000038"
"360.9959030085072","278.9999999998"
"319.60691927586305","274.99999999996"
"297.36202266408156","273.00000000004"
"302.03292100017137","272.00000000008"
"302.53979627587086","272.00000000008"
"292.2768605035195","275.99999999991996"
"281.28553065983056","279.99999999976"
"273.42083296782283","277.99999999984004"
"270.8187116015848","271.00000000012"
"271.72668834170236","260.99999999974"
"272.1885367194581","261.9999999997"
"247.68829164556405","234.0000000000399"
"193.0782995746389","184.99999999965996"
"185.40108718461067","2.9999999999199645"
"220.5957318368752","2.9999999999199645"
"262.1106393033509","75.00000000016007"
"284.1657917481955","142.99999999978002"
"303.3871546461251","285.00000000034004"
"326.62686820333","269.00000000020003"
"307.14712809918126","273.00000000004"
"291.4231571260506","270.00000000016"
"279.65312034614396","268.00000000024"
"293.442630749151","266.00000000032003"
"279.89121295378374","265.00000000036005"
"278.71013227754685","262.9999999996601"
"280.9225008888585","261.9999999997"
"294.0205888720281","261.9999999997"
"304.0564813615113","266.00000000032003"
"306.6152038882277","272.00000000008"
"286.5916861247701","268.00000000024"
"275.5585021183371","260.99999999974"
"280.1727072876871","254.00000000002"
"271.8221415950648","250.00000000017997"
"264.2249319478998","240.99999999976"
"242.0190083139006","201.99999999976"
"237.25414703108163","141.99999999982003"
"232.17354472775025","128.00000000037994"
"248.22427859470167","97.00000000006003"
"259.62751735487825","126.99999999963995"
"257.1091585436319","141.99999999982003"
"270.16803810746273","215.99999999998"
"298.02921340564683","277.99999999984004"
"312.29501057812206","268.00000000024"
"314.93932799530285","270.00000000016"
"319.56683675418464","268.00000000024"
"321.4709680638432","268.00000000024"
"324.79696699606","267.00000000028"
"303.8719469230621","265.00000000036005"
"316.1975018657797","266.00000000032003"
"331.583289366355","266.00000000032003"
"332.07884164408546","267.00000000028"
"343.1818663330866","272.00000000008"
"355.9145068275906","275.99999999991996"
"349.8513389688687","274.0"
"345.40960823028183","268.00000000024"
"344.8804412516989","263.99999999962006"
"336.32947273652417","259.99999999978"
"327.9516082364702","254.00000000002"
"339.27060199675583","241.99999999972"
"332.6775648672286","246.00000000033992"
"330.49235508455513","242.99999999968009"
"331.57902111730743","245.00000000037994"
"326.7839635879126","247.00000000030002"
"312.90376194327945","251.00000000014006"
"321.18493846392033","254.99999999998"
"349.7056119702395","268.00000000024"
"377.75739239831546","383.00000000032003"
"369.3647822901736","382.00000000036"
"351.6752937290981","371.99999999998"
"345.77445176219925","301.99999999965996"
"362.95648772275655","277.99999999984004"
"359.1862921812462","273.00000000004"
"366.4034064520751","269.00000000020003"
"352.63722728422744","267.00000000028"
"343.1620993596755","265.00000000036005"
"347.1799752058707","269.00000000020003"
"337.86077853109555","272.00000000008"
"327.3779589099505","269.00000000020003"
"320.693614037136","257.99999999986005"
"299.70939175310747","253.00000000006003"
"282.6319695787595","248.00000000026"
"290.0776657295719","241.99999999972"
"287.5945930987087","233.00000000007992"
"281.6519770065125","237.99999999987995"
"273.38047669968756","235.99999999995998"
"266.45850127201106","232.00000000011994"
"265.6937879375706","214.00000000006003"
"270.20125840384554","189.00000000028"
"265.28365239090886","206.00000000038006"
"257.18182906785523","211.00000000017997"
"290.90447599170005","250.00000000017997"
"300.97326534017196","241.99999999972"
"302.4795310126763","245.00000000037994"
"296.4892189664613","246.00000000033992"
"301.39760399858784","247.00000000030002"
"307.8072444574642","245.00000000037994"
"303.13162300600516","245.00000000037994"
"318.05259254193174","246.00000000033992"
"313.4530657220996","250.00000000017997"
"326.57379682147473","255.9999999999401"
"335.42226380247365","263.99999999962006"
"329.7715178185752","259.99999999978"
"337.31488273647057","252.00000000010004"
"307.0910405817729","245.00000000037994"
"313.9592468540287","242.99999999968009"
"321.911533338933","238.99999999984004"
"304.6659493640161","235.0"
"267.1131338149481","230.00000000019998"
"253.99125645778156","208.00000000030002"
"233.81544623852585","194.00000000008004"
"241.09693444813","220.99999999978002"
"247.10699202686328","219.99999999981992"
"247.28432225905738","223.99999999965996"
"227.07870594331814","220.99999999978002"
"220.7970459278681","219.99999999981992"
"257.3851449389358","214.00000000006003"
"285.0236176021787","257.99999999986005"
"269.657097648474","250.00000000017997"
"257.24584674539983","251.00000000014006"
"265.1816888892299","250.00000000017997"
"260.46924362174207","250.00000000017997"
"281.28532868203104","250.00000000017997"
"302.7427374793991","248.00000000026"
"298.58198212764563","261.9999999997"
"301.06298978987917","268.00000000024"
"306.38027942260396","265.00000000036005"
"304.7783466475342","254.99999999998"
"297.10745888954636","249.00000000021998"
"290.4043533239496","245.00000000037994"
"283.96290854008276","238.99999999984004"
"269.94616722958165","230.00000000019998"
"283.1634948507776","228.00000000028"
"271.736487958011","200.99999999980002"
"269.7921699857458","198.99999999987995"
"270.69748558439494","194.00000000008004"
"267.25849865253895","187.00000000036005"
"283.99250558477354","235.0"
"330.48156442837285","268.00000000024"
"334.3091528749593","299.99999999974"
"319.94037210262286","272.00000000008"
"310.49888814132936","271.00000000012"
"289.077907189552","268.00000000024"
"305.2858717079515","267.00000000028"
"287.4855051538327","263.99999999962006"
"316.5567012071434","263.99999999962006"
"335.73662941757374","265.00000000036005"
"334.31769023884107","269.00000000020003"
"356.36688562462484","378.9999999997"
"372.72730751177136","402.00000000034"
"369.9115023563783","388.00000000012005"
"366.03258822841923","364.00000000029996"
"340.3032025309932","271.00000000012"
"333.39902684675167","265.00000000036005"
"338.0338654329991","253.00000000006003"
"321.4468788602526","247.00000000030002"
"325.89399705315543","242.99999999968009"
"328.3022100620843","237.99999999987995"
"332.1191780268483","237.99999999987995"
"329.0787971585734","242.99999999968009"
"338.1034179277006","245.00000000037994"
"342.16901337110795","256.99999999990007"
"357.31393608780957","267.00000000028"
"355.73366072963086","281.99999999967997"
"344.5195205745039","339.99999999970004"
"346.8580006593541","284.00000000038"
"331.6925973608073","279.99999999976"
"335.2173353512894","277.99999999984004"
"330.77689307532665","275.99999999991996"
"327.19662495052995","274.99999999996"
"323.306484057245","274.99999999996"
"326.7235003370249","274.99999999996"
"327.06793448165143","276.99999999988006"
"319.67493097985084","341.99999999962"
"305.1456444346919","339.99999999970004"
"304.130312118","272.00000000008"
"304.0191852651316","267.00000000028"
"314.69043626037353","263.99999999962006"
"313.487555607334","256.99999999990007"
"308.5064650207348","248.00000000026"
"288.9324921371701","237.99999999987995"
"275.7643672534509","229.00000000024"
"274.7721074111918","227.00000000032003"
"307.84105309670736","231.00000000015996"
"310.77776599411953","230.00000000019998"
"301.3040566989482","249.00000000021998"
"311.47608969916604","259.99999999978"
"336.01234369737904","339.99999999970004"
"335.8797033634721","339.99999999970004"
"346.26479525881246","338.99999999973994"
"346.40490510453714","339.99999999970004"
"343.4235659850761","338.99999999973994"
"339.3744227386865","338.99999999973994"
"340.0364439737932","339.99999999970004"
"370.3514091304726","339.99999999970004"
"346.04936843077985","268.00000000024"
"349.86970341027427","274.0"
"387.52337375245094","391.99999999996"
"369.71979919289384","389.00000000008004"
"348.5051431262948","306.00000000028"
"317.89711231660783","257.99999999986005"
"312.5716165025153","254.99999999998"
"304.21989102365586","250.00000000017997"
"296.084310701143","238.99999999984004"
"283.96348787164766","214.00000000006003"
"287.1772548923087","210.00000000021998"
"277.35541741712274","209.00000000026"
"287.3377846592588","218.99999999985994"
"298.2092007375507","230.00000000019998"
"295.90984262747384","247.00000000030002"
"308.82357961469546","255.9999999999401"
"364.4462365016333","374.99999999986005"
"358.11523129329953","386.0000000002"
"359.5094898131532","386.0000000002"
"362.77412698305983","376.99999999978"
"358.6878198907471","357.99999999976"
"355.20388352746147","351.99999999999994"
"356.2487727232276","362.00000000038"
"361.01503095196733","387.00000000015996"
"349.59832064302196","268.00000000024"
"365.28950545568284","332.99999999998005"
"396.6713182757118","397.99999999972"
"399.7861648350814","374.99999999986005"
"368.05007193616854","341.99999999962"
"337.5681336542455","263.99999999962006"
"319.1254101811919","260.99999999974"
"307.57686476880775","254.99999999998"
"301.7899282963002","249.00000000021998"
"304.55720924845707","233.00000000007992"
"290.43119945885303","226.00000000035993"
"288.27138882043243","226.00000000035993"
"284.58817117886935","232.00000000011994"
"285.0922880628004","237.99999999987995"
"289.9339897483788","246.00000000033992"
"333.6994608625701","339.99999999970004"
"420.56277768486063","462.00000000028"
"423.1673810496864","464.0000000002"
"405.33189253278704","463.00000000024"
"390.85352249055575","491.99999999986"
"386.26870708556316","470.99999999992"
"368.25222454885903","425.00000000020003"
"364.8736646094047","376.99999999978"
"358.1059010755929","373.9999999999"
"352.74879354166495","266.00000000032003"
"373.3598960551002","416.99999999974"
"372.34994226357276","499.00000000036"
"370.7897956939435","516.9999999996401"
"345.58272777509234","403.0000000003"
"299.02562738858416","269.00000000020003"
"277.27180906437536","250.00000000017997"
"267.2420112510928","243.99999999964007"
"263.9584735371353","237.99999999987995"
"254.9105487039261","240.99999999976"
"244.90290995834084","237.99999999987995"
"242.22725791214202","235.99999999995998"
"244.6122332681108","235.0"
"238.17978633545567","235.99999999995998"
"248.8921563946144","238.99999999984004"
"257.5138840828456","241.99999999972"
"249.22093688017299","241.99999999972"
"243.77201660710443","245.00000000037994"
"258.6004430975943","249.00000000021998"
"283.9858484891874","252.00000000010004"
"284.70814394531544","251.00000000014006"
"297.06482873767135","250.00000000017997"
"303.1644946733601","249.00000000021998"
"278.49003434338067","251.00000000014006"
"272.7837352857953","256.99999999990007"
"281.4099193506661","263.99999999962006"
"275.5885234415524","328.00000000018"
"279.98932816153547","261.9999999997"
"293.3514143703648","254.00000000002"
"272.61557238567497","248.00000000026"
"272.6205495894056","248.00000000026"
"263.74410592938284","243.99999999964007"
"269.90588208603896","238.99999999984004"
"260.32382893448164","239.99999999980002"
"270.9184089460079","235.99999999995998"
"262.2457404266315","227.00000000032003"
"270.30395415842287","223.99999999965996"
"277.581320551371","218.99999999985994"
"265.435259592251","221.99999999974"
"271.81560898953836","224.99999999961994"
"285.87597515691874","235.99999999995998"
"289.49343642834424","242.99999999968009"
"298.8394343363662","246.00000000033992"
"296.5059393802676","249.00000000021998"
"301.3394346746734","250.00000000017997"
"295.74460131521994","249.00000000021998"
"305.58834695389373","250.00000000017997"
"307.7007448469662","250.00000000017997"
"308.7796666016323","254.00000000002"
"323.6564277287869","258.99999999982003"
"347.41180889718163","417.99999999970004"
"378.1639210523157","353.99999999992"
"337.67280327212256","256.99999999990007"
"327.39079197271343","254.00000000002"
"325.6375000916054","254.00000000002"
"320.92520606267067","246.00000000033992"
"311.94808397610046","242.99999999968009"
"302.4648153007576","242.99999999968009"
"300.42812393916074","242.99999999968009"
"308.1665312846386","241.99999999972"
"303.3001984562382","242.99999999968009"
"310.7095192921267","245.00000000037994"
"324.00717508948856","254.00000000002"
"376.0254125139185","263.99999999962006"
"397.855465747414","388.00000000012005"
"396.04490802216606","328.00000000018"
"358.62209876170147","327.00000000022"
"344.4564310054218","327.00000000022"
"330.49881496235844","268.00000000024"
"294.4116588159817","268.00000000024"
"312.14514026591274","266.00000000032003"
"314.03381743736594","263.99999999962006"
"314.3277628153285","268.00000000024"
"300.3346170105944","271.00000000012"
"291.7666165712816","274.99999999996"
"295.20341271686493","271.00000000012"
"275.17404732129535","263.99999999962006"
"276.90605278443974","256.99999999990007"
"273.28995889223387","251.00000000014006"
"279.5199926019872","243.99999999964007"
"274.34829367158244","238.99999999984004"
"275.1379414239589","234.0000000000399"
"277.7554018412874","232.00000000011994"
"273.24211221639064","233.00000000007992"
"287.12219916298295","236.99999999991996"
"308.75870390248514","240.99999999976"
"293.057566075625","246.00000000033992"
"315.3574924531693","254.00000000002"
"322.14385545784046","271.00000000012"
"325.1912130578478","271.00000000012"
"323.6075655171599","270.00000000016"
"329.53401287504533","269.00000000020003"
"327.6762239009433","268.00000000024"
"326.2060909980182","267.00000000028"
"309.0675620398899","265.00000000036005"
"300.35328895971725","262.9999999996601"
"319.766921165142","268.00000000024"
"306.28194498151515","280.99999999972"
"322.4821198841292","288.00000000022"
"323.20194026803506","272.00000000008"
"295.41233417681053","269.00000000020003"
"290.1934197913461","260.99999999974"
"286.56049922188555","255.9999999999401"
"283.67525792191617","252.00000000010004"
"256.48285901767815","242.99999999968009"
"251.16271653605816","230.00000000019998"
"250.22258482840823","223.99999999965996"
"262.8319426660014","222.99999999969998"
"259.6356142362471","228.00000000028"
"243.73452248172214","235.0"
"254.39232295194256","241.99999999972"
"266.2982785551625","251.00000000014006"
"274.2400851914083","261.9999999997"
"288.58056653381","263.99999999962006"
"278.98827626646005","262.9999999996601"
"280.47870041832994","260.99999999974"
"283.1175895109682","260.99999999974"
"278.0392672011358","263.99999999962006"
"280.1400704249319","266.00000000032003"
"277.9044233517006","263.99999999962006"
"295.93924213825204","260.99999999974"
"291.04987541424856","266.00000000032003"
"292.78742380927235","285.00000000034004"
"291.89255214649074","261.9999999997"
"270.695824638965","261.9999999997"
"251.95751403975828","255.9999999999401"
"271.5471712152082","252.00000000010004"
"253.7838545748915","245.00000000037994"
"231.8726289269125","239.99999999980002"
"234.4241948868597","209.00000000026"
"232.49902963941804","195.00000000004002"
"222.98745540841014","185.99999999961994"
"235.3984843660852","199.99999999984004"
"235.9647999183178","215.00000000002"
"246.75974747843156","230.00000000019998"
"254.04938924311853","246.00000000033992"
"274.3347523168694","256.99999999990007"
"309.93009855782157","260.99999999974"
"314.3929765406515","258.99999999982003"
"310.404213371227","260.99999999974"
"311.0757295823662","259.99999999978"
"311.674236025342","256.99999999990007"
"340.88681609372003","257.99999999986005"
"335.49798996403325","256.99999999990007"
"352.76718516889156","259.99999999978"
"352.8240150493718","260.99999999974"
"329.4758528452525","263.99999999962006"
"316.784248942318","258.99999999982003"
"303.33149708729906","254.99999999998"
"302.3832644254233","249.00000000021998"
"302.8786169793405","241.99999999972"
"278.32117126468427","235.0"
"270.34953604536474","223.99999999965996"
"266.6825390256132","204.99999999963995"
"272.250607853185","198.99999999987995"
"244.266384184461","196.0"
"231.82493674201953","201.99999999976"
"237.25628580830835","194.00000000008004"
"230.16410177513092","219.99999999981992"
"261.67009556832215","234.0000000000399"
"259.8674142677638","246.00000000033992"
"284.50604891321404","247.00000000030002"
"256.7207630760314","245.00000000037994"
"255.28808662966605","245.00000000037994"
"288.0192476587475","243.99999999964007"
"294.2663987578628","242.99999999968009"
"284.0449282126403","241.99999999972"
"295.44807426615165","242.99999999968009"
"288.12598812618256","247.00000000030002"
"306.05747301903324","265.00000000036005"
"316.4898068604023","260.99999999974"
"315.7237931060959","253.00000000006003"
"314.17633117555863","245.00000000037994"
"300.09017719549763","241.99999999972"
"290.08671463745503","236.99999999991996"
"266.3228416292434","232.00000000011994"
"271.36779084393316","226.00000000035993"
"270.6846312392229","227.00000000032003"
"263.7001658063293","224.99999999961994"
"272.11687183304264","222.99999999969998"
"272.6162609290409","221.99999999974"
"275.13147773729634","223.99999999965996"
"276.740229790218","228.00000000028"
"281.4333411233438","231.00000000015996"
"301.59159136606723","234.0000000000399"
"329.0699362976166","237.99999999987995"
"313.7725599542753","255.9999999999401"
"316.3254598099662","282.99999999963995"
"327.3517590642516","282.99999999963995"
"335.91216786806166","284.00000000038"
"324.9383688990611","282.99999999963995"
"335.1718046297201","282.99999999963995"
"334.19804227294975","299.99999999974"
"351.1280386166948","348.00000000016"
"363.5519786523399","425.00000000020003"
"352.41602285104096","347.00000000020003"
"344.81969010037596","248.00000000026"
"316.75538910005065","243.99999999964007"
"301.13497550667824","240.99999999976"
"293.94830334134866","235.99999999995998"
"282.06576810649597","232.00000000011994"
"251.67849776237097","214.00000000006003"
"228.36621210470662","148.00000000035993"
"235.94480156404347","106.99999999965996"
"235.76802684633287","83.99999999980002"
"217.99927805855498","85.99999999971999"
"212.2303431793996","81.99999999988006"
"210.06190141444756","15.000000000219984"
"197.59633317124224","3.9999999998799467"
"190.07458487502095","66.99999999969998"
"195.6257783437735","87.99999999963995"
"195.06248760763526","134.00000000013995"
"223.38680210648704","173.00000000014006"
"230.2571852529236","207.00000000034004"
"221.35762150878418","133.00000000017997"
"208.26929217864654","133.00000000017997"
"205.18364391860905","104.99999999974"
"218.34263756601922","188.00000000032003"
"240.50568080622838","272.00000000008"
"230.34876608680713","242.99999999968009"
"238.3439222187675","236.99999999991996"
"209.1848090154972","231.00000000015996"
"189.71598187353084","207.00000000034004"
"200.48412171048778","215.99999999998"
"178.09844031729017","110.00000000032003"
"169.84896850068674","67.99999999966008"
"164.93943875309594","38.00000000007992"
"170.19684711374782","111.00000000028001"
"174.90608775355668","100.99999999989996"
"195.22854821222313","83.99999999980002"
"212.86645561094247","134.00000000013995"
"261.1175279397514","292.00000000006"
"294.11610027577916","257.99999999986005"
"302.9588188375069","259.99999999978"
"326.0985923465325","258.99999999982003"
"322.72474907548036","259.99999999978"
"311.8074045116536","261.9999999997"
"338.7548975319602","260.99999999974"
"362.7221757177342","261.9999999997"
"347.0035754257844","265.00000000036005"
"355.9787699085276","266.00000000032003"
"410.2588424746797","388.00000000012005"
"433.87641610389113","477.99999999964"
"410.7599067735259","394.99999999984"
"379.60052420880214","261.9999999997"
"343.4202211389744","307.00000000024"
"313.1702250995529","249.00000000021998"
"299.09112585008114","239.99999999980002"
"283.525901345103","233.00000000007992"
"274.5045372907796","237.99999999987995"
"268.78041096255095","235.99999999995998"
"266.9867692275051","235.0"
"270.12085008256844","234.0000000000399"
"276.70158276517526","239.99999999980002"
"282.55831690974486","249.00000000021998"
"318.4625393095749","261.9999999997"
"423.08189404693286","424.00000000024"
"464.6266189404906","412.9999999999"
"479.76969780566213","412.9999999999"
"474.514728103894","396.99999999976"
"456.6228383565227","497.99999999962"
"453.9597502285901","476.99999999968"
"435.26934742262546","480.00000000034004"
"402.5329553662211","456.9999999997"
"415.9938118024141","377.99999999974"
"424.40819715110626","395.99999999979997"
"452.6002671315491","544.00000000012"
"431.7587283860531","396.99999999976"
"392.53513728455204","298.99999999978"
"360.31121902782087","263.99999999962006"
"304.2684489486351","349.00000000012"
"287.2663426667087","252.00000000010004"
"270.2065045421137","243.99999999964007"
"264.829219748734","245.00000000037994"
"254.1772831522153","239.99999999980002"
"271.7743950060801","238.99999999984004"
"279.30883401537983","241.99999999972"
"286.39072252194507","247.00000000030002"
"291.9813752092246","254.00000000002"
"345.22960475925004","267.00000000028"
"399.74838498694294","451.99999999989996"
"422.25151859668375","394.99999999984"
"412.20575571126733","393.99999999988"
"402.1345981417992","393.99999999988"
"407.67513715665285","393.99999999988"
"413.4621199512243","393.99999999988"
"403.24305430086525","393.99999999988"
"377.6218626164597","364.00000000029996"
"390.7488777171808","315.99999999988"
"399.3631360594941","341.99999999962"
"412.7812226661158","410.00000000001995"
"398.0031511628176","333.99999999994003"
"353.46581416494524","274.0"
"319.28395657858624","270.00000000016"
"327.39825155380436","263.99999999962006"
"313.176395412822","254.99999999998"
"302.9577756249179","246.00000000033992"
"290.08267371522703","252.00000000010004"
"294.9418928224813","249.00000000021998"
"299.40330072776396","245.00000000037994"
"278.496276866595","238.99999999984004"
"288.84707471244377","243.99999999964007"
"304.20033558771064","252.00000000010004"
"317.0787143654579","273.00000000004"
"339.2819164045652","291.00000000010004"
"350.59776772907463","296.99999999985994"
"349.09093781890806","292.00000000006"
"325.700367649948","293.99999999998"
"324.35071867009555","291.00000000010004"
"321.99462286885444","291.00000000010004"
"341.0453441142457","290.00000000014006"
"327.4890294654924","290.00000000014006"
"344.4032417810539","296.99999999985994"
"344.2412058179982","333.99999999994003"
"361.39706918531175","373.9999999999"
"347.26372022996276","319.99999999972005"
"354.2472297643922","290.00000000014006"
"334.7947252240882","281.99999999967997"
"331.9477942493405","277.99999999984004"
"324.19004232862574","269.00000000020003"
"313.9602288103631","253.00000000006003"
"305.01470142472357","252.00000000010004"
"327.76665403835733","250.00000000017997"
"328.6699194132314","247.00000000030002"
"316.523235341788","248.00000000026"
"325.2840799128932","254.99999999998"
"333.5251009108986","260.99999999974"
"349.43881345954856","279.99999999976"
"410.39139090950624","325.0000000003"
"468.2784170351813","346.00000000024005"
"471.2094781707875","349.00000000012"
"459.21137597947256","349.00000000012"
"477.7475760464602","348.00000000016"
"448.1007996142236","335.99999999986"
"445.8793378404303","335.99999999986"
"445.5711734458479","334.9999999999"
"458.5206726643329","336.99999999982"
"463.3051036346855","371.00000000002"
"459.3238445309797","397.99999999972"
"448.4229909326903","335.99999999986"
"384.999197852203","292.00000000006"
"356.0446483674143","282.99999999963995"
"342.3162668763753","279.99999999976"
"325.1486258319451","271.00000000012"
"330.9566661321971","261.9999999997"
"320.9859905379132","262.9999999996601"
"313.3488071058732","258.99999999982003"
"315.43925391958055","256.99999999990007"
"323.2622617277335","256.99999999990007"
"328.32938474223477","257.99999999986005"
"324.5179681411433","261.9999999997"
"326.4154795347864","262.9999999996601"
"375.49306722734605","274.0"
"363.33227734929324","280.99999999972"
"394.56799985957025","296.99999999985994"
"405.5932880384089","307.00000000024"
"410.5701767549967","317.99999999979997"
"392.5762944811704","307.00000000024"
"385.01646597959905","300.9999999997"
"385.85987566047413","307.00000000024"
"396.5268018644118","360.99999999964"
"396.3731104172843","410.00000000001995"
"395.5718228397832","494.99999999974"
"396.2495644498082","422.00000000032"
"396.83117292010024","333.99999999994003"
"384.5416728652151","304.00000000036005"
"336.0011041417301","280.99999999972"
"329.73608294175506","277.99999999984004"
"338.24504408257434","269.00000000020003"
"344.0859917997521","242.99999999968009"
"338.9022784598703","251.00000000014006"
"342.1152240989209","253.00000000006003"
"323.56908636513475","253.00000000006003"
"323.3920322748901","251.00000000014006"
"323.04567202928865","250.00000000017997"
"341.86208287207387","253.00000000006003"
"338.4844277042688","257.99999999986005"
"358.2472437020309","269.00000000020003"
"368.7274499869418","274.99999999996"
"373.4520396901932","290.00000000014006"
"370.90591163445254","296.99999999985994"
"379.66141888623616","299.99999999974"
"379.102104380356","290.00000000014006"
"396.9457356742598","286.0000000003"
"395.1507768455644","296.99999999985994"
"420.909547572712","367.00000000018"
"436.28442937246996","432.99999999988"
"436.4379294494476","438.99999999964"
"433.0188736973007","389.00000000008004"
"429.27794375176217","345.00000000027995"
"427.21525585290925","307.00000000024"
"413.4955025299916","294.99999999994"
"369.74006527709327","276.99999999988006"
"388.54802671075424","267.00000000028"
"399.3040601909373","270.00000000016"
"373.23953993323255","266.00000000032003"
"377.3353580065539","263.99999999962006"
"343.58163380165524","262.9999999996601"
"350.4337586039107","260.99999999974"
"345.7485184601401","332.00000000002007"
"358.3860560271778","550.99999999984"
"359.3192335454494","493.99999999977996"
"358.90184169908304","487.00000000006"
"357.8891590089554","460.00000000036"
"349.66144979573875","457.99999999966"
"364.8998098656753","462.00000000028"
"379.3284669740319","457.99999999966"
"360.2914749170472","455.99999999974"
"348.8791439940119","440.00000000038"
"377.49811026670807","457.99999999966"
"378.8488669077169","527.00000000002"
"358.81026454907015","484.00000000018"
"360.182022007742","440.00000000038"
"321.9436933078035","331.00000000005997"
"336.8326853271725","306.00000000028"
"320.49658981409505","290.00000000014006"
"316.8390867640442","257.99999999986005"
"330.7181073867695","266.00000000032003"
"312.94114021399884","259.99999999978"
"322.8196330387854","257.99999999986005"
"334.66669272030987","258.99999999982003"
"355.8547875250677","258.99999999982003"
"360.5361374958501","249.00000000021998"
"389.9102639206506","307.00000000024"
"376.3074819624982","425.00000000020003"
"439.09548857345976","428.00000000008004"
"404.2246115937829","410.99999999998"
"321.49707696490583","410.00000000001995"
"317.5741059934979","411.99999999994"
"296.438915921245","404.00000000026"
"313.480965852408","402.00000000034"
"391.7103922798128","396.99999999976"
"362.43507624107116","396.99999999976"
"378.6837610948743","453.99999999982"
"394.49439318107716","511.99999999984004"
"390.16349765528037","462.00000000028"
"376.14526380567605","373.9999999999"
"359.8182863077533","325.0000000003"
"350.74943485551125","306.00000000028"
"346.9229804986599","290.00000000014006"
"353.33152125902325","273.00000000004"
"346.3515947506206","260.99999999974"
"339.0429121952532","259.99999999978"
"347.38041893376095","259.99999999978"
"345.76015512362875","258.99999999982003"
"322.1352160996164","260.99999999974"
"336.7565144904014","284.00000000038"
"386.3614124237158","327.00000000022"
"406.22663145617895","509.99999999992"
"416.7730060667714","511.99999999984004"
"425.4100407216809","499.00000000036"
"427.06541155267973","495.9999999997"
"421.05538088164974","500.00000000032"
"419.31595651614117","491.99999999986"
"419.1449860179191","482.00000000026"
"461.6906271355155","487.00000000006"
"452.2229884530555","476.99999999968"
"455.38596543497005","488.99999999998"
"449.2552343586112","536.9999999996201"
"465.3610775638747","500.00000000032"
"449.9533480492949","419.99999999962"
"431.48825919158213","337.99999999977996"
"401.3905104810353","309.00000000015996"
"387.2698598380983","291.00000000010004"
"367.91218165536003","273.00000000004"
"343.93011958006707","269.00000000020003"
"348.14158932303326","265.00000000036005"
"317.7855139328832","254.99999999998"
"315.0938724623321","256.99999999990007"
"318.2725438569969","254.99999999998"
"319.32547308317595","268.00000000024"
"370.16806123855395","298.99999999978"
"417.1542921931403","404.00000000026"
"430.7303709669654","448.00000000005997"
"435.3596846633803","432.99999999988"
"432.8543914356422","426.00000000016"
"438.40017337421295","446.00000000014"
"424.5812623945465","431.99999999992"
"425.16014506391946","447.0000000001"
"417.62989904933926","461.00000000032"
"432.2024430301667","473.9999999998"
"424.89086171774045","515.9999999996801"
"443.17810997304065","686.99999999986"
"446.2487762711004","559.0000000003"
"421.5082556233519","488.99999999998"
"404.44844291267043","332.00000000002007"
"401.6325965475541","319.99999999972005"
"392.14275961518973","300.9999999997"
"399.02252737627674","279.99999999976"
"373.74956193061416","274.99999999996"
"370.91939971015233","268.00000000024"
"376.5406658841084","268.00000000024"
"381.9226997694587","268.00000000024"
"378.2880985896411","269.00000000020003"
"366.1484987640957","275.99999999991996"
"378.62797637057565","309.00000000015996"
"438.3206139909751","449.00000000002"
"448.425437461516","502.00000000024"
"441.6029191950708","447.0000000001"
"434.5402113667417","434.9999999998"
"433.28522534046317","447.0000000001"
"430.34791358852243","423.00000000028"
"412.96212161206324","376.99999999978"
"434.16987936033337","393.99999999988"
"464.14912696402206","425.00000000020003"
"465.3632090514296","447.0000000001"
"467.17383827562657","531.9999999998199"
"488.02533333718264","512.9999999998"
"423.92300768111295","372.99999999994"
"399.3310141873753","332.00000000002007"
"396.8160833036519","320.99999999968"
"389.24835235914986","297.99999999982003"
"375.7414960144897","290.00000000014006"
"376.0932107931212","291.00000000010004"
"359.51809607024376","284.00000000038"
"373.11928311554703","282.99999999963995"
"378.8243122561","281.99999999967997"
"372.624185699188","277.99999999984004"
"383.6774708977332","281.99999999967997"
"382.05810005172617","284.00000000038"
"394.68268095957546","295.99999999989996"
"407.7867367776028","296.99999999985994"
"392.0495757519127","356.99999999979997"
"418.6990164663169","356.99999999979997"
"403.1124698247846","356.99999999979997"
"405.9275401017964","356.99999999979997"
"408.9112291344724","323.00000000038"
"399.1962215247753","323.00000000038"
"401.79309497050264","353.99999999992"
"424.3057169790882","416.99999999974"
"435.04580769613625","510.99999999988"
"444.2031382050705","403.0000000003"
"435.4001899629003","343.00000000036"
"402.64108414716827","317.99999999979997"
"372.41601444161887","305.00000000032003"
"342.0498504300354","294.99999999994"
"301.2696606298458","286.0000000003"
"278.9309292828455","286.0000000003"
"255.1893499439925","277.99999999984004"
"266.8597421604188","267.00000000028"
"286.297533537866","261.9999999997"
"277.13354347303056","254.99999999998"
"248.84130929175296","247.00000000030002"
"237.2916635520645","177.99999999993997"
"231.43298303206893","220.99999999978002"
"300.157838382615","247.00000000030002"
"300.96354379384934","254.00000000002"
"315.133070218794","257.99999999986005"
"324.36403275330053","274.99999999996"
"337.41529205757263","263.99999999962006"
"331.8421405459013","265.00000000036005"
"337.5959309867204","265.00000000036005"
"311.8405343971853","250.00000000017997"
"338.57415788253627","275.99999999991996"
"348.7369460146235","297.99999999982003"
"324.5107831708281","298.99999999978"
"330.7347036020741","296.99999999985994"
"320.5403633783427","286.0000000003"
"313.0399687345267","270.00000000016"
"295.3109478484285","273.00000000004"
"270.3465801261495","249.00000000021998"
"275.8628776661393","229.00000000024"
"247.40035655733186","222.99999999969998"
"218.81955813855348","211.00000000017997"
"230.03971221326333","191.00000000019998"
"231.30780549917313","183.99999999969998"
"263.38850849038386","211.00000000017997"
"291.0659674864009","286.0000000003"
"317.2645069530264","317.99999999979997"
"322.4059512819699","360.99999999964"
"318.61900849339895","351.00000000003996"
"328.13322165771075","350.00000000008"
"345.4489364664087","351.99999999999994"
"342.0041395836582","348.00000000016"
"359.0011204260572","341.99999999962"
"386.3366697412816","353.99999999992"
"396.9036719376551","455.99999999974"
"414.6096932450123","473.9999999998"
"410.3596180005715","549.99999999988"
"412.4886849921688","399.99999999964"
"383.30666486793854","333.99999999994003"
"371.35728745235207","312.00000000004"
"375.84336649471396","297.99999999982003"
"369.7551930509445","287.00000000026"
"356.95669758573996","270.00000000016"
"372.54222422698547","270.00000000016"
"384.2046257419495","269.00000000020003"
"370.367935446648","267.00000000028"
"377.6390994872524","269.00000000020003"
"379.26100761908395","275.99999999991996"
"364.22334607904753","289.00000000017997"
"370.68209465755814","323.00000000038"
"429.77792761603945","500.00000000032"
"434.3489892396468","546.00000000004"
"428.7050581721238","508.99999999996"
"429.94258958631764","447.0000000001"
"429.4482880853291","432.99999999988"
"414.9577129809964","424.00000000024"
"425.95776640090537","431.99999999992"
"430.5940726765642","471.99999999988"
"466.4428733448298","510.99999999988"
"472.89929917128586","587.99999999992"
"471.444269847942","781.0"
"456.7058318087801","597.00000000034"
"451.8631808166093","391.99999999996"
"437.4125515454254","337.99999999977996"
"384.9348009639635","328.00000000018"
"392.2351892589792","301.99999999965996"
"379.7721399158665","289.00000000017997"
"351.9436206199132","292.00000000006"
"339.31150793698646","286.0000000003"
"351.0737442442083","281.99999999967997"
"339.7866404961391","284.00000000038"
"355.5953182714662","286.0000000003"
"370.24199753670484","306.00000000028"
"400.67052118168556","410.00000000001995"
"447.33153445813747","597.00000000034"
"472.2517444336832","761.00000000002"
"475.3733247919008","670.99999999972"
"462.7282864102675","639.00000000022"
"465.69270058295814","632.99999999968"
"464.48811561256343","586.0"
"443.85919946612574","560.00000000026"
"457.09788044278423","548.99999999992"
"458.8623923241828","566.00000000002"
"491.3996858415469","628.99999999984"
"503.2730788326191","1007.00000000032"
"511.7895941964018","1041.9999999996999"
"486.76656152634945","747.000000000034"
"473.9402042736005","544.00000000012"
"432.5250850149567","445.00000000018"
"395.34154803835753","346.00000000024005"
"383.9728927916188","305.00000000032003"
"375.4064962297086","297.99999999982003"
"369.58960198492844","286.0000000003"
"372.56178943638633","280.99999999972"
"379.56807224474153","288.00000000022"
"359.20202033864825","296.99999999985994"
"379.8334014528942","328.00000000018"
"425.686466474757","441.00000000034004"
"428.42181232580515","604.00000000006"
"472.38045599635643","708.000000000034"
"408.44418987043116","635.0000000003799"
"395.34267315879214","584.00000000008"
"396.3914487638519","552.99999999976"
"392.0472355318356","522.00000000022"
"408.97741647068085","529.9999999999"
"438.3040491815288","520.0000000003"
"384.04316766336206","518.0000000003799"
"428.8883367515899","614.9999999996201"
"559.2876627417556","860.99999999992"
"542.915933291714","670.99999999972"
"465.88309551182084","443.00000000026"
"385.61331307689164","363.00000000034"
"343.14199940346197","341.99999999962"
"324.14038275355466","324.00000000034"
"318.45898675320274","295.99999999989996"
"316.06913043806946","275.99999999991996"
"315.93466686295847","274.0"
"306.9192222804345","273.00000000004"
"297.9843737367797","274.0"
"287.46546220582553","275.99999999991996"
"304.8250268178496","297.99999999982003"
"323.7365583615016","331.00000000005997"
"396.72287761799856","424.00000000024"
"515.3392749956215","428.00000000008004"
"452.3200557446179","380.99999999961994"
"372.297878947801","368.00000000014"
"363.49737935650927","301.99999999965996"
"358.2334596476348","300.9999999997"
"352.2537317278843","291.00000000010004"
